0 0 0.382683 -0.92388
0 0 0.382683 0.92388
0 0 0.92388 -0.382683
0 0 0.92388 0.382683
0 0.382683 -0.92388 -0
0 0.382683 -0 -0.92388
0 0.382683 -0 0.92388
0 0.382683 0.92388 0
0 0.92388 -0.382683 0
0 0.92388 -0 -0.382683
0 0.92388 -0 0.382683
0 0.92388 0.382683 0
0.270598 -0.653281 -0.653281 -0.270598
0.270598 -0.653281 -0.653281 0.270598
0.270598 -0.653281 -0.270598 -0.653281
0.270598 -0.653281 -0.270598 0.653281
0.270598 -0.653281 0.270598 -0.653281
0.270598 -0.653281 0.270598 0.653281
0.270598 -0.653281 0.653281 -0.270598
0.270598 -0.653281 0.653281 0.270598
0.270598 -0.270598 -0.653281 -0.653281
0.270598 -0.270598 -0.653281 0.653281
0.270598 -0.270598 0.653281 -0.653281
0.270598 -0.270598 0.653281 0.653281
0.270598 0.270598 -0.653281 -0.653281
0.270598 0.270598 -0.653281 0.653281
0.270598 0.270598 0.653281 -0.653281
0.270598 0.270598 0.653281 0.653281
0.270598 0.653281 -0.653281 -0.270598
0.270598 0.653281 -0.653281 0.270598
0.270598 0.653281 -0.270598 -0.653281
0.270598 0.653281 -0.270598 0.653281
0.270598 0.653281 0.270598 -0.653281
0.270598 0.653281 0.270598 0.653281
0.270598 0.653281 0.653281 -0.270598
0.270598 0.653281 0.653281 0.270598
0.382683 -0.92388 0 0
0.382683 -0 -0.92388 -0
0.382683 0 0 -0.92388
0.382683 -0 0 0.92388
0.382683 0 0.92388 0
0.382683 0.92388 -0 -0
0.653281 -0.653281 -0.270598 -0.270598
0.653281 -0.653281 -0.270598 0.270598
0.653281 -0.653281 0.270598 -0.270598
0.653281 -0.653281 0.270598 0.270598
0.653281 -0.270598 -0.653281 -0.270598
0.653281 -0.270598 -0.653281 0.270598
0.653281 -0.270598 -0.270598 -0.653281
0.653281 -0.270598 -0.270598 0.653281
0.653281 -0.270598 0.270598 -0.653281
0.653281 -0.270598 0.270598 0.653281
0.653281 -0.270598 0.653281 -0.270598
0.653281 -0.270598 0.653281 0.270598
0.653281 0.270598 -0.653281 -0.270598
0.653281 0.270598 -0.653281 0.270598
0.653281 0.270598 -0.270598 -0.653281
0.653281 0.270598 -0.270598 0.653281
0.653281 0.270598 0.270598 -0.653281
0.653281 0.270598 0.270598 0.653281
0.653281 0.270598 0.653281 -0.270598
0.653281 0.270598 0.653281 0.270598
0.653281 0.653281 -0.270598 -0.270598
0.653281 0.653281 -0.270598 0.270598
0.653281 0.653281 0.270598 -0.270598
0.653281 0.653281 0.270598 0.270598
0.92388 -0.382683 0 0
0.92388 0 -0.382683 0
0.92388 0 0 -0.382683
0.92388 0 0 0.382683
0.92388 0 0.382683 0
0.92388 0.382683 0 0
