3.62644e-17 -1 0 1.50212e-17
6.86915e-17 -0.853553 -0.5 -0.146447
6.86915e-17 -0.853553 -0.5 0.146447
3.92523e-17 -0.853553 0.146447 -0.5
7.85046e-17 -0.853553 0.146447 0.5
1.37383e-16 -0.853553 0.5 0.146447
1.50212e-17 -0.707107 -0.707107 3.62644e-17
1.17757e-16 -0.707107 -1.17757e-16 0.707107
3.62644e-17 -0.707107 0.707107 -1.50212e-17
9.81308e-17 -0.5 -0.853553 -0.146447
3.92523e-17 -0.5 -0.5 -0.707107
3.92523e-17 -0.5 -0.5 0.707107
9.81308e-18 -0.5 -0.146447 -0.853553
2.94392e-17 -0.5 -0.146447 0.853553
2.94392e-17 -0.5 0.146447 0.853553
3.92523e-17 -0.5 0.5 -0.707107
3.92523e-17 -0.5 0.5 0.707107
7.85046e-17 -0.5 0.853553 0.146447
2.77556e-17 -0.146447 -0.853553 0.5
7.85046e-17 -0.146447 -0.5 -0.853553
7.85046e-17 -0.146447 -0.5 0.853553
7.85046e-17 -0.146447 0.5 -0.853553
2.94392e-17 -0.146447 0.5 0.853553
3.62644e-17 1.57009e-16 -1 -1.50212e-17
1.17757e-16 1.17757e-16 -0.707107 0.707107
7.85046e-17 0.146447 -0.853553 -0.5
1.11022e-16 0.146447 -0.853553 0.5
0 0.146447 -0.5 -0.853553
2.94392e-17 0.146447 -0.5 0.853553
9.81308e-18 0.146447 0.5 0.853553
0 0.146447 0.853553 0.5
7.85046e-17 0.5 -0.853553 -0.146447
1.57009e-16 0.5 -0.853553 0.146447
7.85046e-17 0.5 -0.146447 -0.853553
1.57009e-16 0.5 -0.146447 0.853553
0 0.5 0.146447 -0.853553
7.85046e-17 0.5 0.146447 0.853553
4.90654e-17 0.5 0.853553 -0.146447
1.96262e-17 0.5 0.853553 0.146447
4.90654e-17 0.853553 -0.5 -0.146447
7.85046e-17 0.853553 -0.5 0.146447
5.55112e-17 0.853553 0.146447 -0.5
1.11022e-16 0.853553 0.146447 0.5
0 0.853553 0.5 0.146447
0.103553 -0.957107 -0.25 -0.103553
0.103553 -0.957107 -0.25 0.103553
0.103553 -0.957107 -0.103553 -0.25
0.103553 -0.957107 -0.103553 0.25
0.103553 -0.957107 0.103553 -0.25
0.103553 -0.957107 0.103553 0.25
0.103553 -0.957107 0.25 -0.103553
0.103553 -0.957107 0.25 0.103553
0.103553 -0.75 -0.603553 -0.25
0.103553 -0.75 -0.603553 0.25
0.103553 -0.75 -0.25 -0.603553
0.103553 -0.75 -0.25 0.603553
0.103553 -0.75 0.25 -0.603553
0.103553 -0.75 0.25 0.603553
0.103553 -0.75 0.603553 -0.25
0.103553 -0.75 0.603553 0.25
0.103553 -0.603553 -0.75 -0.25
0.103553 -0.603553 -0.75 0.25
0.103553 -0.603553 -0.25 -0.75
0.103553 -0.603553 -0.25 0.75
0.103553 -0.603553 0.25 -0.75
0.103553 -0.603553 0.25 0.75
0.103553 -0.603553 0.75 -0.25
0.103553 -0.603553 0.75 0.25
0.103553 -0.25 -0.957107 -0.103553
0.103553 -0.25 -0.957107 0.103553
0.103553 -0.25 -0.75 -0.603553
0.103553 -0.25 -0.75 0.603553
0.103553 -0.25 -0.603553 -0.75
0.103553 -0.25 -0.603553 0.75
0.103553 -0.25 -0.103553 -0.957107
0.103553 -0.25 -0.103553 0.957107
0.103553 -0.25 0.103553 -0.957107
0.103553 -0.25 0.103553 0.957107
0.103553 -0.25 0.603553 -0.75
0.103553 -0.25 0.603553 0.75
0.103553 -0.25 0.75 -0.603553
0.103553 -0.25 0.75 0.603553
0.103553 -0.25 0.957107 -0.103553
0.103553 -0.25 0.957107 0.103553
0.103553 -0.103553 -0.957107 -0.25
0.103553 -0.103553 -0.957107 0.25
0.103553 -0.103553 -0.25 -0.957107
0.103553 -0.103553 -0.25 0.957107
0.103553 -0.103553 0.25 -0.957107
0.103553 -0.103553 0.25 0.957107
0.103553 -0.103553 0.957107 -0.25
0.103553 -0.103553 0.957107 0.25
0.103553 0.103553 -0.957107 -0.25
0.103553 0.103553 -0.957107 0.25
0.103553 0.103553 -0.25 -0.957107
0.103553 0.103553 -0.25 0.957107
0.103553 0.103553 0.25 -0.957107
0.103553 0.103553 0.25 0.957107
0.103553 0.103553 0.957107 -0.25
0.103553 0.103553 0.957107 0.25
0.103553 0.25 -0.957107 -0.103553
0.103553 0.25 -0.957107 0.103553
0.103553 0.25 -0.75 -0.603553
0.103553 0.25 -0.75 0.603553
0.103553 0.25 -0.603553 -0.75
0.103553 0.25 -0.603553 0.75
0.103553 0.25 -0.103553 -0.957107
0.103553 0.25 -0.103553 0.957107
0.103553 0.25 0.103553 -0.957107
0.103553 0.25 0.103553 0.957107
0.103553 0.25 0.603553 -0.75
0.103553 0.25 0.603553 0.75
0.103553 0.25 0.75 -0.603553
0.103553 0.25 0.75 0.603553
0.103553 0.25 0.957107 -0.103553
0.103553 0.25 0.957107 0.103553
0.103553 0.603553 -0.75 -0.25
0.103553 0.603553 -0.75 0.25
0.103553 0.603553 -0.25 -0.75
0.103553 0.603553 -0.25 0.75
0.103553 0.603553 0.25 -0.75
0.103553 0.603553 0.25 0.75
0.103553 0.603553 0.75 -0.25
0.103553 0.603553 0.75 0.25
0.103553 0.75 -0.603553 -0.25
0.103553 0.75 -0.603553 0.25
0.103553 0.75 -0.25 -0.603553
0.103553 0.75 -0.25 0.603553
0.103553 0.75 0.25 -0.603553
0.103553 0.75 0.25 0.603553
0.103553 0.75 0.603553 -0.25
0.103553 0.75 0.603553 0.25
0.103553 0.957107 -0.25 -0.103553
0.103553 0.957107 -0.25 0.103553
0.103553 0.957107 -0.103553 -0.25
0.103553 0.957107 -0.103553 0.25
0.103553 0.957107 0.103553 -0.25
0.103553 0.957107 0.103553 0.25
0.103553 0.957107 0.25 -0.103553
0.103553 0.957107 0.25 0.103553
0.146447 -0.853553 -0.5 -1.57009e-16
0.146447 -0.853553 7.85046e-17 -0.5
0.146447 -0.853553 -7.85046e-17 0.5
0.146447 -0.853553 0.5 4.90654e-17
0.146447 -0.5 -0.853553 -7.85046e-17
0.146447 -0.5 -7.85046e-17 -0.853553
0.146447 -0.5 -1.11022e-16 0.853553
0.146447 -0.5 0.853553 -6.86915e-17
0.146447 7.85046e-17 -0.853553 -0.5
0.146447 -0 -0.853553 0.5
0.146447 2.77556e-17 -0.5 -0.853553
0.146447 -7.85046e-17 -0.5 0.853553
0.146447 0 0.5 -0.853553
0.146447 -1.11022e-16 0.5 0.853553
0.146447 -9.81308e-18 0.853553 -0.5
0.146447 7.85046e-17 0.853553 0.5
0.146447 0.5 -0.853553 -0
0.146447 0.5 -3.92523e-17 -0.853553
0.146447 0.5 -5.55112e-17 0.853553
0.146447 0.5 0.853553 -1.37383e-16
0.146447 0.853553 -0.5 -1.96262e-17
0.146447 0.853553 1.57009e-16 -0.5
0.146447 0.853553 0 0.5
0.146447 0.853553 0.5 7.85046e-17
0.25 -0.957107 -0.103553 -0.103553
0.25 -0.957107 -0.103553 0.103553
0.25 -0.957107 0.103553 -0.103553
0.25 -0.957107 0.103553 0.103553
0.25 -0.75 -0.603553 -0.103553
0.25 -0.75 -0.603553 0.103553
0.25 -0.75 -0.103553 -0.603553
0.25 -0.75 -0.103553 0.603553
0.25 -0.75 0.103553 -0.603553
0.25 -0.75 0.103553 0.603553
0.25 -0.75 0.603553 -0.103553
0.25 -0.75 0.603553 0.103553
0.25 -0.603553 -0.75 -0.103553
0.25 -0.603553 -0.75 0.103553
0.25 -0.603553 -0.603553 -0.457107
0.25 -0.603553 -0.603553 0.457107
0.25 -0.603553 -0.457107 -0.603553
0.25 -0.603553 -0.457107 0.603553
0.25 -0.603553 -0.103553 -0.75
0.25 -0.603553 -0.103553 0.75
0.25 -0.603553 0.103553 -0.75
0.25 -0.603553 0.103553 0.75
0.25 -0.603553 0.457107 -0.603553
0.25 -0.603553 0.457107 0.603553
0.25 -0.603553 0.603553 -0.457107
0.25 -0.603553 0.603553 0.457107
0.25 -0.603553 0.75 -0.103553
0.25 -0.603553 0.75 0.103553
0.25 -0.457107 -0.603553 -0.603553
0.25 -0.457107 -0.603553 0.603553
0.25 -0.457107 0.603553 -0.603553
0.25 -0.457107 0.603553 0.603553
0.25 -0.103553 -0.957107 -0.103553
0.25 -0.103553 -0.957107 0.103553
0.25 -0.103553 -0.75 -0.603553
0.25 -0.103553 -0.75 0.603553
0.25 -0.103553 -0.603553 -0.75
0.25 -0.103553 -0.603553 0.75
0.25 -0.103553 -0.103553 -0.957107
0.25 -0.103553 -0.103553 0.957107
0.25 -0.103553 0.103553 -0.957107
0.25 -0.103553 0.103553 0.957107
0.25 -0.103553 0.603553 -0.75
0.25 -0.103553 0.603553 0.75
0.25 -0.103553 0.75 -0.603553
0.25 -0.103553 0.75 0.603553
0.25 -0.103553 0.957107 -0.103553
0.25 -0.103553 0.957107 0.103553
0.25 0.103553 -0.957107 -0.103553
0.25 0.103553 -0.957107 0.103553
0.25 0.103553 -0.75 -0.603553
0.25 0.103553 -0.75 0.603553
0.25 0.103553 -0.603553 -0.75
0.25 0.103553 -0.603553 0.75
0.25 0.103553 -0.103553 -0.957107
0.25 0.103553 -0.103553 0.957107
0.25 0.103553 0.103553 -0.957107
0.25 0.103553 0.103553 0.957107
0.25 0.103553 0.603553 -0.75
0.25 0.103553 0.603553 0.75
0.25 0.103553 0.75 -0.603553
0.25 0.103553 0.75 0.603553
0.25 0.103553 0.957107 -0.103553
0.25 0.103553 0.957107 0.103553
0.25 0.457107 -0.603553 -0.603553
0.25 0.457107 -0.603553 0.603553
0.25 0.457107 0.603553 -0.603553
0.25 0.457107 0.603553 0.603553
0.25 0.603553 -0.75 -0.103553
0.25 0.603553 -0.75 0.103553
0.25 0.603553 -0.603553 -0.457107
0.25 0.603553 -0.603553 0.457107
0.25 0.603553 -0.457107 -0.603553
0.25 0.603553 -0.457107 0.603553
0.25 0.603553 -0.103553 -0.75
0.25 0.603553 -0.103553 0.75
0.25 0.603553 0.103553 -0.75
0.25 0.603553 0.103553 0.75
0.25 0.603553 0.457107 -0.603553
0.25 0.603553 0.457107 0.603553
0.25 0.603553 0.603553 -0.457107
0.25 0.603553 0.603553 0.457107
0.25 0.603553 0.75 -0.103553
0.25 0.603553 0.75 0.103553
0.25 0.75 -0.603553 -0.103553
0.25 0.75 -0.603553 0.103553
0.25 0.75 -0.103553 -0.603553
0.25 0.75 -0.103553 0.603553
0.25 0.75 0.103553 -0.603553
0.25 0.75 0.103553 0.603553
0.25 0.75 0.603553 -0.103553
0.25 0.75 0.603553 0.103553
0.25 0.957107 -0.103553 -0.103553
0.25 0.957107 -0.103553 0.103553
0.25 0.957107 0.103553 -0.103553
0.25 0.957107 0.103553 0.103553
0.353553 -0.707107 -0.5 -0.353553
0.353553 -0.707107 -0.5 0.353553
0.353553 -0.707107 -0.353553 -0.5
0.353553 -0.707107 -0.353553 0.5
0.353553 -0.707107 0.353553 -0.5
0.353553 -0.707107 0.353553 0.5
0.353553 -0.707107 0.5 -0.353553
0.353553 -0.707107 0.5 0.353553
0.353553 -0.5 -0.707107 -0.353553
0.353553 -0.5 -0.707107 0.353553
0.353553 -0.5 -0.353553 -0.707107
0.353553 -0.5 -0.353553 0.707107
0.353553 -0.5 0.353553 -0.707107
0.353553 -0.5 0.353553 0.707107
0.353553 -0.5 0.707107 -0.353553
0.353553 -0.5 0.707107 0.353553
0.353553 -0.353553 -0.707107 -0.5
0.353553 -0.353553 -0.707107 0.5
0.353553 -0.353553 -0.5 -0.707107
0.353553 -0.353553 -0.5 0.707107
0.353553 -0.353553 0.5 -0.707107
0.353553 -0.353553 0.5 0.707107
0.353553 -0.353553 0.707107 -0.5
0.353553 -0.353553 0.707107 0.5
0.353553 0.353553 -0.707107 -0.5
0.353553 0.353553 -0.707107 0.5
0.353553 0.353553 -0.5 -0.707107
0.353553 0.353553 -0.5 0.707107
0.353553 0.353553 0.5 -0.707107
0.353553 0.353553 0.5 0.707107
0.353553 0.353553 0.707107 -0.5
0.353553 0.353553 0.707107 0.5
0.353553 0.5 -0.707107 -0.353553
0.353553 0.5 -0.707107 0.353553
0.353553 0.5 -0.353553 -0.707107
0.353553 0.5 -0.353553 0.707107
0.353553 0.5 0.353553 -0.707107
0.353553 0.5 0.353553 0.707107
0.353553 0.5 0.707107 -0.353553
0.353553 0.5 0.707107 0.353553
0.353553 0.707107 -0.5 -0.353553
0.353553 0.707107 -0.5 0.353553
0.353553 0.707107 -0.353553 -0.5
0.353553 0.707107 -0.353553 0.5
0.353553 0.707107 0.353553 -0.5
0.353553 0.707107 0.353553 0.5
0.353553 0.707107 0.5 -0.353553
0.353553 0.707107 0.5 0.353553
0.457107 -0.603553 -0.603553 -0.25
0.457107 -0.603553 -0.603553 0.25
0.457107 -0.603553 -0.25 -0.603553
0.457107 -0.603553 -0.25 0.603553
0.457107 -0.603553 0.25 -0.603553
0.457107 -0.603553 0.25 0.603553
0.457107 -0.603553 0.603553 -0.25
0.457107 -0.603553 0.603553 0.25
0.457107 -0.25 -0.603553 -0.603553
0.457107 -0.25 -0.603553 0.603553
0.457107 -0.25 0.603553 -0.603553
0.457107 -0.25 0.603553 0.603553
0.457107 0.25 -0.603553 -0.603553
0.457107 0.25 -0.603553 0.603553
0.457107 0.25 0.603553 -0.603553
0.457107 0.25 0.603553 0.603553
0.457107 0.603553 -0.603553 -0.25
0.457107 0.603553 -0.603553 0.25
0.457107 0.603553 -0.25 -0.603553
0.457107 0.603553 -0.25 0.603553
0.457107 0.603553 0.25 -0.603553
0.457107 0.603553 0.25 0.603553
0.457107 0.603553 0.603553 -0.25
0.457107 0.603553 0.603553 0.25
0.5 -0.853553 -0.146447 -1.11022e-16
0.5 -0.853553 0 -0.146447
0.5 -0.853553 -9.81308e-18 0.146447
0.5 -0.853553 0.146447 -2.77556e-17
0.5 -0.707107 -0.353553 -0.353553
0.5 -0.707107 -0.353553 0.353553
0.5 -0.707107 0.353553 -0.353553
0.5 -0.707107 0.353553 0.353553
0.5 -0.353553 -0.707107 -0.353553
0.5 -0.353553 -0.707107 0.353553
0.5 -0.353553 -0.353553 -0.707107
0.5 -0.353553 -0.353553 0.707107
0.5 -0.353553 0.353553 -0.707107
0.5 -0.353553 0.353553 0.707107
0.5 -0.353553 0.707107 -0.353553
0.5 -0.353553 0.707107 0.353553
0.5 -0.146447 -0.853553 3.92523e-17
0.5 -0.146447 -1.37383e-16 -0.853553
0.5 -0.146447 0 0.853553
0.5 -0.146447 0.853553 5.55112e-17
0.5 0 -0.853553 -0.146447
0.5 -7.85046e-17 -0.853553 0.146447
0.5 -4.90654e-17 -0.146447 -0.853553
0.5 -7.85046e-17 -0.146447 0.853553
0.5 -1.96262e-17 0.146447 -0.853553
0.5 -1.57009e-16 0.146447 0.853553
0.5 -7.85046e-17 0.853553 -0.146447
0.5 -1.57009e-16 0.853553 0.146447
0.5 0.146447 -0.853553 -1.11022e-16
0.5 0.146447 7.85046e-17 -0.853553
0.5 0.146447 6.86915e-17 0.853553
0.5 0.146447 0.853553 -7.85046e-17
0.5 0.353553 -0.707107 -0.353553
0.5 0.353553 -0.707107 0.353553
0.5 0.353553 -0.353553 -0.707107
0.5 0.353553 -0.353553 0.707107
0.5 0.353553 0.353553 -0.707107
0.5 0.353553 0.353553 0.707107
0.5 0.353553 0.707107 -0.353553
0.5 0.353553 0.707107 0.353553
0.5 0.707107 -0.353553 -0.353553
0.5 0.707107 -0.353553 0.353553
0.5 0.707107 0.353553 -0.353553
0.5 0.707107 0.353553 0.353553
0.5 0.853553 -0.146447 0
0.5 0.853553 -7.85046e-17 -0.146447
0.5 0.853553 7.85046e-17 0.146447
0.5 0.853553 0.146447 7.85046e-17
0.603553 -0.75 -0.25 -0.103553
0.603553 -0.75 -0.25 0.103553
0.603553 -0.75 -0.103553 -0.25
0.603553 -0.75 -0.103553 0.25
0.603553 -0.75 0.103553 -0.25
0.603553 -0.75 0.103553 0.25
0.603553 -0.75 0.25 -0.103553
0.603553 -0.75 0.25 0.103553
0.603553 -0.603553 -0.457107 -0.25
0.603553 -0.603553 -0.457107 0.25
0.603553 -0.603553 -0.25 -0.457107
0.603553 -0.603553 -0.25 0.457107
0.603553 -0.603553 0.25 -0.457107
0.603553 -0.603553 0.25 0.457107
0.603553 -0.603553 0.457107 -0.25
0.603553 -0.603553 0.457107 0.25
0.603553 -0.457107 -0.603553 -0.25
0.603553 -0.457107 -0.603553 0.25
0.603553 -0.457107 -0.25 -0.603553
0.603553 -0.457107 -0.25 0.603553
0.603553 -0.457107 0.25 -0.603553
0.603553 -0.457107 0.25 0.603553
0.603553 -0.457107 0.603553 -0.25
0.603553 -0.457107 0.603553 0.25
0.603553 -0.25 -0.75 -0.103553
0.603553 -0.25 -0.75 0.103553
0.603553 -0.25 -0.603553 -0.457107
0.603553 -0.25 -0.603553 0.457107
0.603553 -0.25 -0.457107 -0.603553
0.603553 -0.25 -0.457107 0.603553
0.603553 -0.25 -0.103553 -0.75
0.603553 -0.25 -0.103553 0.75
0.603553 -0.25 0.103553 -0.75
0.603553 -0.25 0.103553 0.75
0.603553 -0.25 0.457107 -0.603553
0.603553 -0.25 0.457107 0.603553
0.603553 -0.25 0.603553 -0.457107
0.603553 -0.25 0.603553 0.457107
0.603553 -0.25 0.75 -0.103553
0.603553 -0.25 0.75 0.103553
0.603553 -0.103553 -0.75 -0.25
0.603553 -0.103553 -0.75 0.25
0.603553 -0.103553 -0.25 -0.75
0.603553 -0.103553 -0.25 0.75
0.603553 -0.103553 0.25 -0.75
0.603553 -0.103553 0.25 0.75
0.603553 -0.103553 0.75 -0.25
0.603553 -0.103553 0.75 0.25
0.603553 0.103553 -0.75 -0.25
0.603553 0.103553 -0.75 0.25
0.603553 0.103553 -0.25 -0.75
0.603553 0.103553 -0.25 0.75
0.603553 0.103553 0.25 -0.75
0.603553 0.103553 0.25 0.75
0.603553 0.103553 0.75 -0.25
0.603553 0.103553 0.75 0.25
0.603553 0.25 -0.75 -0.103553
0.603553 0.25 -0.75 0.103553
0.603553 0.25 -0.603553 -0.457107
0.603553 0.25 -0.603553 0.457107
0.603553 0.25 -0.457107 -0.603553
0.603553 0.25 -0.457107 0.603553
0.603553 0.25 -0.103553 -0.75
0.603553 0.25 -0.103553 0.75
0.603553 0.25 0.103553 -0.75
0.603553 0.25 0.103553 0.75
0.603553 0.25 0.457107 -0.603553
0.603553 0.25 0.457107 0.603553
0.603553 0.25 0.603553 -0.457107
0.603553 0.25 0.603553 0.457107
0.603553 0.25 0.75 -0.103553
0.603553 0.25 0.75 0.103553
0.603553 0.457107 -0.603553 -0.25
0.603553 0.457107 -0.603553 0.25
0.603553 0.457107 -0.25 -0.603553
0.603553 0.457107 -0.25 0.603553
0.603553 0.457107 0.25 -0.603553
0.603553 0.457107 0.25 0.603553
0.603553 0.457107 0.603553 -0.25
0.603553 0.457107 0.603553 0.25
0.603553 0.603553 -0.457107 -0.25
0.603553 0.603553 -0.457107 0.25
0.603553 0.603553 -0.25 -0.457107
0.603553 0.603553 -0.25 0.457107
0.603553 0.603553 0.25 -0.457107
0.603553 0.603553 0.25 0.457107
0.603553 0.603553 0.457107 -0.25
0.603553 0.603553 0.457107 0.25
0.603553 0.75 -0.25 -0.103553
0.603553 0.75 -0.25 0.103553
0.603553 0.75 -0.103553 -0.25
0.603553 0.75 -0.103553 0.25
0.603553 0.75 0.103553 -0.25
0.603553 0.75 0.103553 0.25
0.603553 0.75 0.25 -0.103553
0.603553 0.75 0.25 0.103553
0.707107 -0.5 -0.353553 -0.353553
0.707107 -0.5 -0.353553 0.353553
0.707107 -0.5 0.353553 -0.353553
0.707107 -0.5 0.353553 0.353553
0.707107 -0.353553 -0.5 -0.353553
0.707107 -0.353553 -0.5 0.353553
0.707107 -0.353553 -0.353553 -0.5
0.707107 -0.353553 -0.353553 0.5
0.707107 -0.353553 0.353553 -0.5
0.707107 -0.353553 0.353553 0.5
0.707107 -0.353553 0.5 -0.353553
0.707107 -0.353553 0.5 0.353553
0.707107 0.353553 -0.5 -0.353553
0.707107 0.353553 -0.5 0.353553
0.707107 0.353553 -0.353553 -0.5
0.707107 0.353553 -0.353553 0.5
0.707107 0.353553 0.353553 -0.5
0.707107 0.353553 0.353553 0.5
0.707107 0.353553 0.5 -0.353553
0.707107 0.353553 0.5 0.353553
0.707107 0.5 -0.353553 -0.353553
0.707107 0.5 -0.353553 0.353553
0.707107 0.5 0.353553 -0.353553
0.707107 0.5 0.353553 0.353553
0.75 -0.603553 -0.25 -0.103553
0.75 -0.603553 -0.25 0.103553
0.75 -0.603553 -0.103553 -0.25
0.75 -0.603553 -0.103553 0.25
0.75 -0.603553 0.103553 -0.25
0.75 -0.603553 0.103553 0.25
0.75 -0.603553 0.25 -0.103553
0.75 -0.603553 0.25 0.103553
0.75 -0.25 -0.603553 -0.103553
0.75 -0.25 -0.603553 0.103553
0.75 -0.25 -0.103553 -0.603553
0.75 -0.25 -0.103553 0.603553
0.75 -0.25 0.103553 -0.603553
0.75 -0.25 0.103553 0.603553
0.75 -0.25 0.603553 -0.103553
0.75 -0.25 0.603553 0.103553
0.75 -0.103553 -0.603553 -0.25
0.75 -0.103553 -0.603553 0.25
0.75 -0.103553 -0.25 -0.603553
0.75 -0.103553 -0.25 0.603553
0.75 -0.103553 0.25 -0.603553
0.75 -0.103553 0.25 0.603553
0.75 -0.103553 0.603553 -0.25
0.75 -0.103553 0.603553 0.25
0.75 0.103553 -0.603553 -0.25
0.75 0.103553 -0.603553 0.25
0.75 0.103553 -0.25 -0.603553
0.75 0.103553 -0.25 0.603553
0.75 0.103553 0.25 -0.603553
0.75 0.103553 0.25 0.603553
0.75 0.103553 0.603553 -0.25
0.75 0.103553 0.603553 0.25
0.75 0.25 -0.603553 -0.103553
0.75 0.25 -0.603553 0.103553
0.75 0.25 -0.103553 -0.603553
0.75 0.25 -0.103553 0.603553
0.75 0.25 0.103553 -0.603553
0.75 0.25 0.103553 0.603553
0.75 0.25 0.603553 -0.103553
0.75 0.25 0.603553 0.103553
0.75 0.603553 -0.25 -0.103553
0.75 0.603553 -0.25 0.103553
0.75 0.603553 -0.103553 -0.25
0.75 0.603553 -0.103553 0.25
0.75 0.603553 0.103553 -0.25
0.75 0.603553 0.103553 0.25
0.75 0.603553 0.25 -0.103553
0.75 0.603553 0.25 0.103553
0.853553 -0.5 -0.146447 7.85046e-17
0.853553 -0.5 7.85046e-17 -0.146447
0.853553 -0.5 0 0.146447
0.853553 -0.5 0.146447 -7.85046e-17
0.853553 -0.146447 -0.5 -1.57009e-16
0.853553 -0.146447 7.85046e-17 -0.5
0.853553 -0.146447 -1.96262e-17 0.5
0.853553 -0.146447 0.5 0
0.853553 -5.55112e-17 -0.5 -0.146447
0.853553 7.85046e-17 -0.5 0.146447
0.853553 6.86915e-17 -0.146447 -0.5
0.853553 1.37383e-16 -0.146447 0.5
0.853553 0 0.146447 -0.5
0.853553 -7.85046e-17 0.146447 0.5
0.853553 -1.11022e-16 0.5 -0.146447
0.853553 3.92523e-17 0.5 0.146447
0.853553 0.146447 -0.5 -7.85046e-17
0.853553 0.146447 1.57009e-16 -0.5
0.853553 0.146447 -4.90654e-17 0.5
0.853553 0.146447 0.5 7.85046e-17
0.853553 0.5 -0.146447 -9.81308e-18
0.853553 0.5 1.11022e-16 -0.146447
0.853553 0.5 2.77556e-17 0.146447
0.853553 0.5 0.146447 0
0.957107 -0.25 -0.103553 -0.103553
0.957107 -0.25 -0.103553 0.103553
0.957107 -0.25 0.103553 -0.103553
0.957107 -0.25 0.103553 0.103553
0.957107 -0.103553 -0.25 -0.103553
0.957107 -0.103553 -0.25 0.103553
0.957107 -0.103553 -0.103553 -0.25
0.957107 -0.103553 -0.103553 0.25
0.957107 -0.103553 0.103553 -0.25
0.957107 -0.103553 0.103553 0.25
0.957107 -0.103553 0.25 -0.103553
0.957107 -0.103553 0.25 0.103553
0.957107 0.103553 -0.25 -0.103553
0.957107 0.103553 -0.25 0.103553
0.957107 0.103553 -0.103553 -0.25
0.957107 0.103553 -0.103553 0.25
0.957107 0.103553 0.103553 -0.25
0.957107 0.103553 0.103553 0.25
0.957107 0.103553 0.25 -0.103553
0.957107 0.103553 0.25 0.103553
0.957107 0.25 -0.103553 -0.103553
0.957107 0.25 -0.103553 0.103553
0.957107 0.25 0.103553 -0.103553
0.957107 0.25 0.103553 0.103553
