3.92523e-17 -0.707107 -0.5 -0.5
3.92523e-17 -0.707107 -0.5 0.5
3.92523e-17 -0.707107 3.92523e-17 -0.707107
3.92523e-17 -0.707107 0.5 -0.5
3.92523e-17 -0.707107 0.5 0.5
3.92523e-17 -0.5 -0.707107 -0.5
3.92523e-17 -0.5 -0.707107 0.5
3.92523e-17 -0.5 0.707107 -0.5
3.92523e-17 -0.5 0.707107 0.5
3.92523e-17 -3.92523e-17 -0.707107 -0.707107
5.55112e-17 0 0 -1
3.92523e-17 0.5 -0.707107 -0.5
0 0.5 -0.707107 0.5
0 0.5 -0.5 -0.707107
0 0.5 -0.5 0.707107
0 0.5 0.5 -0.707107
0 0.5 0.5 0.707107
3.92523e-17 0.5 0.707107 -0.5
0 0.5 0.707107 0.5
0 0.707107 -0.5 -0.5
3.92523e-17 0.707107 -0.5 0.5
3.92523e-17 0.707107 0.5 -0.5
0 0.707107 0.5 0.5
0.146447 -0.853553 -0.353553 -0.353553
0.146447 -0.853553 -0.353553 0.353553
0.146447 -0.853553 0.353553 -0.353553
0.146447 -0.853553 0.353553 0.353553
0.146447 -0.353553 -0.853553 -0.353553
0.146447 -0.353553 -0.853553 0.353553
0.146447 -0.353553 -0.353553 -0.853553
0.146447 -0.353553 -0.353553 0.853553
0.146447 -0.353553 0.353553 -0.853553
0.146447 -0.353553 0.353553 0.853553
0.146447 -0.353553 0.853553 -0.353553
0.146447 -0.353553 0.853553 0.353553
0.146447 0.353553 -0.853553 -0.353553
0.146447 0.353553 -0.853553 0.353553
0.146447 0.353553 -0.353553 -0.853553
0.146447 0.353553 -0.353553 0.853553
0.146447 0.353553 0.353553 -0.853553
0.146447 0.353553 0.353553 0.853553
0.146447 0.353553 0.853553 -0.353553
0.146447 0.353553 0.853553 0.353553
0.146447 0.853553 -0.353553 -0.353553
0.146447 0.853553 -0.353553 0.353553
0.146447 0.853553 0.353553 -0.353553
0.146447 0.853553 0.353553 0.353553
0.353553 -0.853553 -0.353553 -0.146447
0.353553 -0.853553 -0.353553 0.146447
0.353553 -0.853553 -0.146447 -0.353553
0.353553 -0.853553 -0.146447 0.353553
0.353553 -0.853553 0.146447 -0.353553
0.353553 -0.853553 0.146447 0.353553
0.353553 -0.853553 0.353553 -0.146447
0.353553 -0.853553 0.353553 0.146447
0.353553 -0.353553 -0.853553 -0.146447
0.353553 -0.353553 -0.853553 0.146447
0.353553 -0.353553 -0.146447 -0.853553
0.353553 -0.353553 -0.146447 0.853553
0.353553 -0.353553 0.146447 -0.853553
0.353553 -0.353553 0.146447 0.853553
0.353553 -0.353553 0.853553 -0.146447
0.353553 -0.353553 0.853553 0.146447
0.353553 -0.146447 -0.853553 -0.353553
0.353553 -0.146447 -0.853553 0.353553
0.353553 -0.146447 -0.353553 -0.853553
0.353553 -0.146447 -0.353553 0.853553
0.353553 -0.146447 0.353553 -0.853553
0.353553 -0.146447 0.353553 0.853553
0.353553 -0.146447 0.853553 -0.353553
0.353553 -0.146447 0.853553 0.353553
0.353553 0.146447 -0.853553 -0.353553
0.353553 0.146447 -0.853553 0.353553
0.353553 0.146447 -0.353553 -0.853553
0.353553 0.146447 -0.353553 0.853553
0.353553 0.146447 0.353553 -0.853553
0.353553 0.146447 0.353553 0.853553
0.353553 0.146447 0.853553 -0.353553
0.353553 0.146447 0.853553 0.353553
0.353553 0.353553 -0.853553 -0.146447
0.353553 0.353553 -0.853553 0.146447
0.353553 0.353553 -0.146447 -0.853553
0.353553 0.353553 -0.146447 0.853553
0.353553 0.353553 0.146447 -0.853553
0.353553 0.353553 0.146447 0.853553
0.353553 0.353553 0.853553 -0.146447
0.353553 0.353553 0.853553 0.146447
0.353553 0.853553 -0.353553 -0.146447
0.353553 0.853553 -0.353553 0.146447
0.353553 0.853553 -0.146447 -0.353553
0.353553 0.853553 -0.146447 0.353553
0.353553 0.853553 0.146447 -0.353553
0.353553 0.853553 0.146447 0.353553
0.353553 0.853553 0.353553 -0.146447
0.353553 0.853553 0.353553 0.146447
0.5 -0.707107 -0.5 3.92523e-17
0.5 -0.707107 0 -0.5
0.5 -0.707107 -0 0.5
0.5 -0.707107 0.5 -3.92523e-17
0.5 -0.5 -0.707107 -3.92523e-17
0.5 -0.5 -3.92523e-17 -0.707107
0.5 -0.5 0 0.707107
0.5 -0.5 0.707107 -3.92523e-17
0.5 0 -0.707107 -0.5
0.5 -0 -0.707107 0.5
0.5 3.92523e-17 -0.5 -0.707107
0.5 3.92523e-17 -0.5 0.707107
0.5 0 0.5 -0.707107
0.5 3.92523e-17 0.5 0.707107
0.5 0 0.707107 -0.5
0.5 0 0.707107 0.5
0.5 0.5 -0.707107 -0
0.5 0.5 3.92523e-17 -0.707107
0.5 0.5 3.92523e-17 0.707107
0.5 0.5 0.707107 -3.92523e-17
0.5 0.707107 -0.5 -0
0.5 0.707107 0 -0.5
0.5 0.707107 0 0.5
0.5 0.707107 0.5 -3.92523e-17
0.707107 -0.5 -0.5 0
0.707107 -0.5 -3.92523e-17 -0.5
0.707107 -0.5 0 0.5
0.707107 -0.5 0.5 0
0.707107 3.92523e-17 -0.5 -0.5
0.707107 3.92523e-17 -0.5 0.5
0.707107 0 0.5 -0.5
0.707107 -3.92523e-17 0.5 0.5
0.707107 0.5 -0.5 0
0.707107 0.5 -3.92523e-17 -0.5
0.707107 0.5 3.92523e-17 0.5
0.707107 0.5 0.5 0
0.853553 -0.353553 -0.353553 -0.146447
0.853553 -0.353553 -0.353553 0.146447
0.853553 -0.353553 -0.146447 -0.353553
0.853553 -0.353553 -0.146447 0.353553
0.853553 -0.353553 0.146447 -0.353553
0.853553 -0.353553 0.146447 0.353553
0.853553 -0.353553 0.353553 -0.146447
0.853553 -0.353553 0.353553 0.146447
0.853553 -0.146447 -0.353553 -0.353553
0.853553 -0.146447 -0.353553 0.353553
0.853553 -0.146447 0.353553 -0.353553
0.853553 -0.146447 0.353553 0.353553
0.853553 0.146447 -0.353553 -0.353553
0.853553 0.146447 -0.353553 0.353553
0.853553 0.146447 0.353553 -0.353553
0.853553 0.146447 0.353553 0.353553
0.853553 0.353553 -0.353553 -0.146447
0.853553 0.353553 -0.353553 0.146447
0.853553 0.353553 -0.146447 -0.353553
0.853553 0.353553 -0.146447 0.353553
0.853553 0.353553 0.146447 -0.353553
0.853553 0.353553 0.146447 0.353553
0.853553 0.353553 0.353553 -0.146447
0.853553 0.353553 0.353553 0.146447
