1.80411e-16 -0.957107 -0.25 0.146447
1.57009e-16 -0.957107 -0.146447 -0.25
5.88785e-17 -0.957107 -0.146447 0.25
2.15888e-16 -0.957107 0.146447 -0.25
9.81308e-18 -0.957107 0.25 -0.146447
5.88785e-17 -0.853553 -0.457107 -0.25
1.17757e-16 -0.853553 -0.457107 0.25
1.17757e-16 -0.853553 -0.25 0.457107
7.85046e-17 -0.853553 -0.146447 0.5
1.57009e-16 -0.853553 0.25 0.457107
1.96262e-17 -0.853553 0.457107 -0.25
7.85046e-17 -0.853553 0.457107 0.25
6.86915e-17 -0.5 -0.853553 0.146447
7.85046e-17 -0.457107 -0.853553 -0.25
3.92523e-17 -0.457107 -0.853553 0.25
1.11022e-16 -0.457107 0.25 -0.853553
7.85046e-17 -0.457107 0.25 0.853553
7.85046e-17 -0.457107 0.853553 0.25
1.80411e-16 -0.25 -0.957107 -0.146447
9.02056e-17 -0.25 -0.957107 0.146447
1.17757e-16 -0.25 -0.853553 -0.457107
3.92523e-17 -0.25 -0.853553 0.457107
7.85046e-17 -0.25 -0.457107 0.853553
5.88785e-17 -0.25 -0.146447 -0.957107
7.85046e-17 -0.25 -0.146447 0.957107
7.85046e-17 -0.25 0.457107 -0.853553
8.83177e-17 -0.25 0.957107 0.146447
7.85046e-17 -0.146447 -0.957107 -0.25
1.66822e-16 -0.146447 -0.853553 -0.5
7.85046e-17 -0.146447 0.25 -0.957107
7.85046e-17 -0.146447 0.25 0.957107
2.15888e-16 0.146447 -0.957107 -0.25
7.85046e-17 0.146447 -0.957107 0.25
0 0.146447 -0.25 -0.957107
1.96262e-17 0.146447 -0.25 0.957107
0 0.146447 0.25 -0.957107
7.85046e-17 0.146447 0.25 0.957107
0 0.146447 0.5 -0.853553
0 0.146447 0.853553 -0.5
0 0.146447 0.957107 -0.25
5.88785e-17 0.146447 0.957107 0.25
2.94392e-17 0.25 -0.957107 0.146447
-0 0.25 -0.853553 -0.457107
1.96262e-17 0.25 -0.853553 0.457107
0 0.25 -0.457107 -0.853553
0 0.25 -0.457107 0.853553
1.57009e-16 0.25 -0.146447 -0.957107
1.96262e-17 0.25 -0.146447 0.957107
0 0.25 0.146447 -0.957107
0 0.25 0.457107 -0.853553
5.55112e-17 0.25 0.457107 0.853553
3.92523e-17 0.25 0.853553 -0.457107
7.85046e-17 0.457107 -0.853553 0.25
0 0.457107 -0.25 -0.853553
1.11022e-16 0.457107 0.25 -0.853553
1.11022e-16 0.457107 0.25 0.853553
0 0.457107 0.853553 -0.25
7.85046e-17 0.457107 0.853553 0.25
7.85046e-17 0.853553 -0.457107 -0.25
3.92523e-17 0.853553 -0.457107 0.25
1.96262e-16 0.853553 -0.25 0.457107
0 0.853553 -0.146447 0.5
3.92523e-17 0.853553 0.25 -0.457107
1.17757e-16 0.853553 0.25 0.457107
-0 0.853553 0.457107 0.25
4.90654e-17 0.853553 0.5 -0.146447
1.17757e-16 0.957107 -0.25 -0.146447
-0 0.957107 -0.25 0.146447
0 0.957107 -0.146447 -0.25
3.92523e-17 0.957107 0.146447 -0.25
0 0.957107 0.146447 0.25
1.96262e-17 0.957107 0.25 0.146447
0.0732233 -0.926777 -0.323223 -0.176777
0.0732233 -0.926777 -0.323223 0.176777
0.0732233 -0.926777 -0.176777 -0.323223
0.0732233 -0.926777 -0.176777 0.323223
0.0732233 -0.926777 0.176777 -0.323223
0.0732233 -0.926777 0.176777 0.323223
0.0732233 -0.926777 0.323223 -0.176777
0.0732233 -0.926777 0.323223 0.176777
0.0732233 -0.883883 -0.426777 -0.176777
0.0732233 -0.883883 -0.426777 0.176777
0.0732233 -0.883883 -0.176777 -0.426777
0.0732233 -0.883883 -0.176777 0.426777
0.0732233 -0.883883 0.176777 -0.426777
0.0732233 -0.883883 0.176777 0.426777
0.0732233 -0.883883 0.426777 -0.176777
0.0732233 -0.883883 0.426777 0.176777
0.0732233 -0.78033 -0.53033 -0.323223
0.0732233 -0.78033 -0.53033 0.323223
0.0732233 -0.78033 -0.323223 -0.53033
0.0732233 -0.78033 -0.323223 0.53033
0.0732233 -0.78033 0.323223 -0.53033
0.0732233 -0.78033 0.323223 0.53033
0.0732233 -0.78033 0.53033 -0.323223
0.0732233 -0.78033 0.53033 0.323223
0.0732233 -0.676777 -0.676777 -0.28033
0.0732233 -0.676777 -0.676777 0.28033
0.0732233 -0.676777 -0.28033 -0.676777
0.0732233 -0.676777 -0.28033 0.676777
0.0732233 -0.676777 0.28033 -0.676777
0.0732233 -0.676777 0.28033 0.676777
0.0732233 -0.676777 0.676777 -0.28033
0.0732233 -0.676777 0.676777 0.28033
0.0732233 -0.53033 -0.78033 -0.323223
0.0732233 -0.53033 -0.78033 0.323223
0.0732233 -0.53033 -0.323223 -0.78033
0.0732233 -0.53033 -0.323223 0.78033
0.0732233 -0.53033 0.323223 -0.78033
0.0732233 -0.53033 0.323223 0.78033
0.0732233 -0.53033 0.78033 -0.323223
0.0732233 -0.53033 0.78033 0.323223
0.0732233 -0.426777 -0.883883 -0.176777
0.0732233 -0.426777 -0.883883 0.176777
0.0732233 -0.426777 -0.176777 -0.883883
0.0732233 -0.426777 -0.176777 0.883883
0.0732233 -0.426777 0.176777 -0.883883
0.0732233 -0.426777 0.176777 0.883883
0.0732233 -0.426777 0.883883 -0.176777
0.0732233 -0.426777 0.883883 0.176777
0.0732233 -0.323223 -0.926777 -0.176777
0.0732233 -0.323223 -0.926777 0.176777
0.0732233 -0.323223 -0.78033 -0.53033
0.0732233 -0.323223 -0.78033 0.53033
0.0732233 -0.323223 -0.53033 -0.78033
0.0732233 -0.323223 -0.53033 0.78033
0.0732233 -0.323223 -0.176777 -0.926777
0.0732233 -0.323223 -0.176777 0.926777
0.0732233 -0.323223 0.176777 -0.926777
0.0732233 -0.323223 0.176777 0.926777
0.0732233 -0.323223 0.53033 -0.78033
0.0732233 -0.323223 0.53033 0.78033
0.0732233 -0.323223 0.78033 -0.53033
0.0732233 -0.323223 0.78033 0.53033
0.0732233 -0.323223 0.926777 -0.176777
0.0732233 -0.323223 0.926777 0.176777
0.0732233 -0.28033 -0.676777 -0.676777
0.0732233 -0.28033 -0.676777 0.676777
0.0732233 -0.28033 0.676777 -0.676777
0.0732233 -0.28033 0.676777 0.676777
0.0732233 -0.176777 -0.926777 -0.323223
0.0732233 -0.176777 -0.926777 0.323223
0.0732233 -0.176777 -0.883883 -0.426777
0.0732233 -0.176777 -0.883883 0.426777
0.0732233 -0.176777 -0.426777 -0.883883
0.0732233 -0.176777 -0.426777 0.883883
0.0732233 -0.176777 -0.323223 -0.926777
0.0732233 -0.176777 -0.323223 0.926777
0.0732233 -0.176777 0.323223 -0.926777
0.0732233 -0.176777 0.323223 0.926777
0.0732233 -0.176777 0.426777 -0.883883
0.0732233 -0.176777 0.426777 0.883883
0.0732233 -0.176777 0.883883 -0.426777
0.0732233 -0.176777 0.883883 0.426777
0.0732233 -0.176777 0.926777 -0.323223
0.0732233 -0.176777 0.926777 0.323223
0.0732233 0.176777 -0.926777 -0.323223
0.0732233 0.176777 -0.926777 0.323223
0.0732233 0.176777 -0.883883 -0.426777
0.0732233 0.176777 -0.883883 0.426777
0.0732233 0.176777 -0.426777 -0.883883
0.0732233 0.176777 -0.426777 0.883883
0.0732233 0.176777 -0.323223 -0.926777
0.0732233 0.176777 -0.323223 0.926777
0.0732233 0.176777 0.323223 -0.926777
0.0732233 0.176777 0.323223 0.926777
0.0732233 0.176777 0.426777 -0.883883
0.0732233 0.176777 0.426777 0.883883
0.0732233 0.176777 0.883883 -0.426777
0.0732233 0.176777 0.883883 0.426777
0.0732233 0.176777 0.926777 -0.323223
0.0732233 0.176777 0.926777 0.323223
0.0732233 0.28033 -0.676777 -0.676777
0.0732233 0.28033 -0.676777 0.676777
0.0732233 0.28033 0.676777 -0.676777
0.0732233 0.28033 0.676777 0.676777
0.0732233 0.323223 -0.926777 -0.176777
0.0732233 0.323223 -0.926777 0.176777
0.0732233 0.323223 -0.78033 -0.53033
0.0732233 0.323223 -0.78033 0.53033
0.0732233 0.323223 -0.53033 -0.78033
0.0732233 0.323223 -0.53033 0.78033
0.0732233 0.323223 -0.176777 -0.926777
0.0732233 0.323223 -0.176777 0.926777
0.0732233 0.323223 0.176777 -0.926777
0.0732233 0.323223 0.176777 0.926777
0.0732233 0.323223 0.53033 -0.78033
0.0732233 0.323223 0.53033 0.78033
0.0732233 0.323223 0.78033 -0.53033
0.0732233 0.323223 0.78033 0.53033
0.0732233 0.323223 0.926777 -0.176777
0.0732233 0.323223 0.926777 0.176777
0.0732233 0.426777 -0.883883 -0.176777
0.0732233 0.426777 -0.883883 0.176777
0.0732233 0.426777 -0.176777 -0.883883
0.0732233 0.426777 -0.176777 0.883883
0.0732233 0.426777 0.176777 -0.883883
0.0732233 0.426777 0.176777 0.883883
0.0732233 0.426777 0.883883 -0.176777
0.0732233 0.426777 0.883883 0.176777
0.0732233 0.53033 -0.78033 -0.323223
0.0732233 0.53033 -0.78033 0.323223
0.0732233 0.53033 -0.323223 -0.78033
0.0732233 0.53033 -0.323223 0.78033
0.0732233 0.53033 0.323223 -0.78033
0.0732233 0.53033 0.323223 0.78033
0.0732233 0.53033 0.78033 -0.323223
0.0732233 0.53033 0.78033 0.323223
0.0732233 0.676777 -0.676777 -0.28033
0.0732233 0.676777 -0.676777 0.28033
0.0732233 0.676777 -0.28033 -0.676777
0.0732233 0.676777 -0.28033 0.676777
0.0732233 0.676777 0.28033 -0.676777
0.0732233 0.676777 0.28033 0.676777
0.0732233 0.676777 0.676777 -0.28033
0.0732233 0.676777 0.676777 0.28033
0.0732233 0.78033 -0.53033 -0.323223
0.0732233 0.78033 -0.53033 0.323223
0.0732233 0.78033 -0.323223 -0.53033
0.0732233 0.78033 -0.323223 0.53033
0.0732233 0.78033 0.323223 -0.53033
0.0732233 0.78033 0.323223 0.53033
0.0732233 0.78033 0.53033 -0.323223
0.0732233 0.78033 0.53033 0.323223
0.0732233 0.883883 -0.426777 -0.176777
0.0732233 0.883883 -0.426777 0.176777
0.0732233 0.883883 -0.176777 -0.426777
0.0732233 0.883883 -0.176777 0.426777
0.0732233 0.883883 0.176777 -0.426777
0.0732233 0.883883 0.176777 0.426777
0.0732233 0.883883 0.426777 -0.176777
0.0732233 0.883883 0.426777 0.176777
0.0732233 0.926777 -0.323223 -0.176777
0.0732233 0.926777 -0.323223 0.176777
0.0732233 0.926777 -0.176777 -0.323223
0.0732233 0.926777 -0.176777 0.323223
0.0732233 0.926777 0.176777 -0.323223
0.0732233 0.926777 0.176777 0.323223
0.0732233 0.926777 0.323223 -0.176777
0.0732233 0.926777 0.323223 0.176777
0.103553 -0.853553 -0.5 -0.103553
0.103553 -0.853553 -0.5 0.103553
0.103553 -0.853553 -0.103553 -0.5
0.103553 -0.853553 -0.103553 0.5
0.103553 -0.853553 0.103553 -0.5
0.103553 -0.853553 0.103553 0.5
0.103553 -0.853553 0.5 -0.103553
0.103553 -0.853553 0.5 0.103553
0.103553 -0.707107 -0.603553 -0.353553
0.103553 -0.707107 -0.603553 0.353553
0.103553 -0.707107 -0.353553 -0.603553
0.103553 -0.707107 -0.353553 0.603553
0.103553 -0.707107 0.353553 -0.603553
0.103553 -0.707107 0.353553 0.603553
0.103553 -0.707107 0.603553 -0.353553
0.103553 -0.707107 0.603553 0.353553
0.103553 -0.603553 -0.707107 -0.353553
0.103553 -0.603553 -0.707107 0.353553
0.103553 -0.603553 -0.353553 -0.707107
0.103553 -0.603553 -0.353553 0.707107
0.103553 -0.603553 0.353553 -0.707107
0.103553 -0.603553 0.353553 0.707107
0.103553 -0.603553 0.707107 -0.353553
0.103553 -0.603553 0.707107 0.353553
0.103553 -0.5 -0.853553 -0.103553
0.103553 -0.5 -0.853553 0.103553
0.103553 -0.5 -0.103553 -0.853553
0.103553 -0.5 -0.103553 0.853553
0.103553 -0.5 0.103553 -0.853553
0.103553 -0.5 0.103553 0.853553
0.103553 -0.5 0.853553 -0.103553
0.103553 -0.5 0.853553 0.103553
0.103553 -0.353553 -0.707107 -0.603553
0.103553 -0.353553 -0.707107 0.603553
0.103553 -0.353553 -0.603553 -0.707107
0.103553 -0.353553 -0.603553 0.707107
0.103553 -0.353553 0.603553 -0.707107
0.103553 -0.353553 0.603553 0.707107
0.103553 -0.353553 0.707107 -0.603553
0.103553 -0.353553 0.707107 0.603553
0.103553 -0.103553 -0.853553 -0.5
0.103553 -0.103553 -0.853553 0.5
0.103553 -0.103553 -0.5 -0.853553
0.103553 -0.103553 -0.5 0.853553
0.103553 -0.103553 0.5 -0.853553
0.103553 -0.103553 0.5 0.853553
0.103553 -0.103553 0.853553 -0.5
0.103553 -0.103553 0.853553 0.5
0.103553 0.103553 -0.853553 -0.5
0.103553 0.103553 -0.853553 0.5
0.103553 0.103553 -0.5 -0.853553
0.103553 0.103553 -0.5 0.853553
0.103553 0.103553 0.5 -0.853553
0.103553 0.103553 0.5 0.853553
0.103553 0.103553 0.853553 -0.5
0.103553 0.103553 0.853553 0.5
0.103553 0.353553 -0.707107 -0.603553
0.103553 0.353553 -0.707107 0.603553
0.103553 0.353553 -0.603553 -0.707107
0.103553 0.353553 -0.603553 0.707107
0.103553 0.353553 0.603553 -0.707107
0.103553 0.353553 0.603553 0.707107
0.103553 0.353553 0.707107 -0.603553
0.103553 0.353553 0.707107 0.603553
0.103553 0.5 -0.853553 -0.103553
0.103553 0.5 -0.853553 0.103553
0.103553 0.5 -0.103553 -0.853553
0.103553 0.5 -0.103553 0.853553
0.103553 0.5 0.103553 -0.853553
0.103553 0.5 0.103553 0.853553
0.103553 0.5 0.853553 -0.103553
0.103553 0.5 0.853553 0.103553
0.103553 0.603553 -0.707107 -0.353553
0.103553 0.603553 -0.707107 0.353553
0.103553 0.603553 -0.353553 -0.707107
0.103553 0.603553 -0.353553 0.707107
0.103553 0.603553 0.353553 -0.707107
0.103553 0.603553 0.353553 0.707107
0.103553 0.603553 0.707107 -0.353553
0.103553 0.603553 0.707107 0.353553
0.103553 0.707107 -0.603553 -0.353553
0.103553 0.707107 -0.603553 0.353553
0.103553 0.707107 -0.353553 -0.603553
0.103553 0.707107 -0.353553 0.603553
0.103553 0.707107 0.353553 -0.603553
0.103553 0.707107 0.353553 0.603553
0.103553 0.707107 0.603553 -0.353553
0.103553 0.707107 0.603553 0.353553
0.103553 0.853553 -0.5 -0.103553
0.103553 0.853553 -0.5 0.103553
0.103553 0.853553 -0.103553 -0.5
0.103553 0.853553 -0.103553 0.5
0.103553 0.853553 0.103553 -0.5
0.103553 0.853553 0.103553 0.5
0.103553 0.853553 0.5 -0.103553
0.103553 0.853553 0.5 0.103553
0.146447 -0.957107 -0.25 -2.94392e-17
0.146447 -0.957107 1.57009e-16 -0.25
0.146447 -0.957107 5.88785e-17 0.25
0.146447 -0.957107 0.25 -9.02056e-17
0.146447 -0.603553 -0.603553 -0.5
0.146447 -0.603553 -0.603553 0.5
0.146447 -0.603553 -0.5 -0.603553
0.146447 -0.603553 -0.5 0.603553
0.146447 -0.603553 0.5 -0.603553
0.146447 -0.603553 0.5 0.603553
0.146447 -0.603553 0.603553 -0.5
0.146447 -0.603553 0.603553 0.5
0.146447 -0.5 -0.603553 -0.603553
0.146447 -0.5 -0.603553 0.603553
0.146447 -0.5 0.603553 -0.603553
0.146447 -0.5 0.603553 0.603553
0.146447 -0.25 -0.957107 -0
0.146447 -0.25 0 -0.957107
0.146447 -0.25 0 0.957107
0.146447 -0.25 0.957107 -1.80411e-16
0.146447 0 -0.957107 -0.25
0.146447 -0 -0.957107 0.25
0.146447 0 -0.25 -0.957107
0.146447 -2.15888e-16 -0.25 0.957107
0.146447 -5.88785e-17 0.25 -0.957107
0.146447 -7.85046e-17 0.25 0.957107
0.146447 -7.85046e-17 0.957107 -0.25
0.146447 -1.96262e-17 0.957107 0.25
0.146447 0.25 -0.957107 -1.96262e-17
0.146447 0.25 -2.15888e-16 -0.957107
0.146447 0.25 -3.92523e-17 0.957107
0.146447 0.25 0.957107 1.17757e-16
0.146447 0.5 -0.603553 -0.603553
0.146447 0.5 -0.603553 0.603553
0.146447 0.5 0.603553 -0.603553
0.146447 0.5 0.603553 0.603553
0.146447 0.603553 -0.603553 -0.5
0.146447 0.603553 -0.603553 0.5
0.146447 0.603553 -0.5 -0.603553
0.146447 0.603553 -0.5 0.603553
0.146447 0.603553 0.5 -0.603553
0.146447 0.603553 0.5 0.603553
0.146447 0.603553 0.603553 -0.5
0.146447 0.603553 0.603553 0.5
0.146447 0.957107 -0.25 1.80411e-16
0.146447 0.957107 1.96262e-17 -0.25
0.146447 0.957107 7.85046e-17 0.25
0.146447 0.957107 0.25 -8.83177e-17
0.176777 -0.926777 -0.323223 -0.0732233
0.176777 -0.926777 -0.323223 0.0732233
0.176777 -0.926777 -0.28033 -0.176777
0.176777 -0.926777 -0.28033 0.176777
0.176777 -0.926777 -0.176777 -0.28033
0.176777 -0.926777 -0.176777 0.28033
0.176777 -0.926777 -0.0732233 -0.323223
0.176777 -0.926777 -0.0732233 0.323223
0.176777 -0.926777 0.0732233 -0.323223
0.176777 -0.926777 0.0732233 0.323223
0.176777 -0.926777 0.176777 -0.28033
0.176777 -0.926777 0.176777 0.28033
0.176777 -0.926777 0.28033 -0.176777
0.176777 -0.926777 0.28033 0.176777
0.176777 -0.926777 0.323223 -0.0732233
0.176777 -0.926777 0.323223 0.0732233
0.176777 -0.883883 -0.426777 -0.0732233
0.176777 -0.883883 -0.426777 0.0732233
0.176777 -0.883883 -0.0732233 -0.426777
0.176777 -0.883883 -0.0732233 0.426777
0.176777 -0.883883 0.0732233 -0.426777
0.176777 -0.883883 0.0732233 0.426777
0.176777 -0.883883 0.426777 -0.0732233
0.176777 -0.883883 0.426777 0.0732233
0.176777 -0.78033 -0.573223 -0.176777
0.176777 -0.78033 -0.573223 0.176777
0.176777 -0.78033 -0.53033 -0.28033
0.176777 -0.78033 -0.53033 0.28033
0.176777 -0.78033 -0.28033 -0.53033
0.176777 -0.78033 -0.28033 0.53033
0.176777 -0.78033 -0.176777 -0.573223
0.176777 -0.78033 -0.176777 0.573223
0.176777 -0.78033 0.176777 -0.573223
0.176777 -0.78033 0.176777 0.573223
0.176777 -0.78033 0.28033 -0.53033
0.176777 -0.78033 0.28033 0.53033
0.176777 -0.78033 0.53033 -0.28033
0.176777 -0.78033 0.53033 0.28033
0.176777 -0.78033 0.573223 -0.176777
0.176777 -0.78033 0.573223 0.176777
0.176777 -0.676777 -0.573223 -0.426777
0.176777 -0.676777 -0.573223 0.426777
0.176777 -0.676777 -0.426777 -0.573223
0.176777 -0.676777 -0.426777 0.573223
0.176777 -0.676777 0.426777 -0.573223
0.176777 -0.676777 0.426777 0.573223
0.176777 -0.676777 0.573223 -0.426777
0.176777 -0.676777 0.573223 0.426777
0.176777 -0.573223 -0.78033 -0.176777
0.176777 -0.573223 -0.78033 0.176777
0.176777 -0.573223 -0.676777 -0.426777
0.176777 -0.573223 -0.676777 0.426777
0.176777 -0.573223 -0.426777 -0.676777
0.176777 -0.573223 -0.426777 0.676777
0.176777 -0.573223 -0.176777 -0.78033
0.176777 -0.573223 -0.176777 0.78033
0.176777 -0.573223 0.176777 -0.78033
0.176777 -0.573223 0.176777 0.78033
0.176777 -0.573223 0.426777 -0.676777
0.176777 -0.573223 0.426777 0.676777
0.176777 -0.573223 0.676777 -0.426777
0.176777 -0.573223 0.676777 0.426777
0.176777 -0.573223 0.78033 -0.176777
0.176777 -0.573223 0.78033 0.176777
0.176777 -0.53033 -0.78033 -0.28033
0.176777 -0.53033 -0.78033 0.28033
0.176777 -0.53033 -0.28033 -0.78033
0.176777 -0.53033 -0.28033 0.78033
0.176777 -0.53033 0.28033 -0.78033
0.176777 -0.53033 0.28033 0.78033
0.176777 -0.53033 0.78033 -0.28033
0.176777 -0.53033 0.78033 0.28033
0.176777 -0.426777 -0.883883 -0.0732233
0.176777 -0.426777 -0.883883 0.0732233
0.176777 -0.426777 -0.676777 -0.573223
0.176777 -0.426777 -0.676777 0.573223
0.176777 -0.426777 -0.573223 -0.676777
0.176777 -0.426777 -0.573223 0.676777
0.176777 -0.426777 -0.0732233 -0.883883
0.176777 -0.426777 -0.0732233 0.883883
0.176777 -0.426777 0.0732233 -0.883883
0.176777 -0.426777 0.0732233 0.883883
0.176777 -0.426777 0.573223 -0.676777
0.176777 -0.426777 0.573223 0.676777
0.176777 -0.426777 0.676777 -0.573223
0.176777 -0.426777 0.676777 0.573223
0.176777 -0.426777 0.883883 -0.0732233
0.176777 -0.426777 0.883883 0.0732233
0.176777 -0.323223 -0.926777 -0.0732233
0.176777 -0.323223 -0.926777 0.0732233
0.176777 -0.323223 -0.0732233 -0.926777
0.176777 -0.323223 -0.0732233 0.926777
0.176777 -0.323223 0.0732233 -0.926777
0.176777 -0.323223 0.0732233 0.926777
0.176777 -0.323223 0.926777 -0.0732233
0.176777 -0.323223 0.926777 0.0732233
0.176777 -0.28033 -0.926777 -0.176777
0.176777 -0.28033 -0.926777 0.176777
0.176777 -0.28033 -0.78033 -0.53033
0.176777 -0.28033 -0.78033 0.53033
0.176777 -0.28033 -0.53033 -0.78033
0.176777 -0.28033 -0.53033 0.78033
0.176777 -0.28033 -0.176777 -0.926777
0.176777 -0.28033 -0.176777 0.926777
0.176777 -0.28033 0.176777 -0.926777
0.176777 -0.28033 0.176777 0.926777
0.176777 -0.28033 0.53033 -0.78033
0.176777 -0.28033 0.53033 0.78033
0.176777 -0.28033 0.78033 -0.53033
0.176777 -0.28033 0.78033 0.53033
0.176777 -0.28033 0.926777 -0.176777
0.176777 -0.28033 0.926777 0.176777
0.176777 -0.176777 -0.926777 -0.28033
0.176777 -0.176777 -0.926777 0.28033
0.176777 -0.176777 -0.78033 -0.573223
0.176777 -0.176777 -0.78033 0.573223
0.176777 -0.176777 -0.573223 -0.78033
0.176777 -0.176777 -0.573223 0.78033
0.176777 -0.176777 -0.28033 -0.926777
0.176777 -0.176777 -0.28033 0.926777
0.176777 -0.176777 0.28033 -0.926777
0.176777 -0.176777 0.28033 0.926777
0.176777 -0.176777 0.573223 -0.78033
0.176777 -0.176777 0.573223 0.78033
0.176777 -0.176777 0.78033 -0.573223
0.176777 -0.176777 0.78033 0.573223
0.176777 -0.176777 0.926777 -0.28033
0.176777 -0.176777 0.926777 0.28033
0.176777 -0.0732233 -0.926777 -0.323223
0.176777 -0.0732233 -0.926777 0.323223
0.176777 -0.0732233 -0.883883 -0.426777
0.176777 -0.0732233 -0.883883 0.426777
0.176777 -0.0732233 -0.426777 -0.883883
0.176777 -0.0732233 -0.426777 0.883883
0.176777 -0.0732233 -0.323223 -0.926777
0.176777 -0.0732233 -0.323223 0.926777
0.176777 -0.0732233 0.323223 -0.926777
0.176777 -0.0732233 0.323223 0.926777
0.176777 -0.0732233 0.426777 -0.883883
0.176777 -0.0732233 0.426777 0.883883
0.176777 -0.0732233 0.883883 -0.426777
0.176777 -0.0732233 0.883883 0.426777
0.176777 -0.0732233 0.926777 -0.323223
0.176777 -0.0732233 0.926777 0.323223
0.176777 0.0732233 -0.926777 -0.323223
0.176777 0.0732233 -0.926777 0.323223
0.176777 0.0732233 -0.883883 -0.426777
0.176777 0.0732233 -0.883883 0.426777
0.176777 0.0732233 -0.426777 -0.883883
0.176777 0.0732233 -0.426777 0.883883
0.176777 0.0732233 -0.323223 -0.926777
0.176777 0.0732233 -0.323223 0.926777
0.176777 0.0732233 0.323223 -0.926777
0.176777 0.0732233 0.323223 0.926777
0.176777 0.0732233 0.426777 -0.883883
0.176777 0.0732233 0.426777 0.883883
0.176777 0.0732233 0.883883 -0.426777
0.176777 0.0732233 0.883883 0.426777
0.176777 0.0732233 0.926777 -0.323223
0.176777 0.0732233 0.926777 0.323223
0.176777 0.176777 -0.926777 -0.28033
0.176777 0.176777 -0.926777 0.28033
0.176777 0.176777 -0.78033 -0.573223
0.176777 0.176777 -0.78033 0.573223
0.176777 0.176777 -0.573223 -0.78033
0.176777 0.176777 -0.573223 0.78033
0.176777 0.176777 -0.28033 -0.926777
0.176777 0.176777 -0.28033 0.926777
0.176777 0.176777 0.28033 -0.926777
0.176777 0.176777 0.28033 0.926777
0.176777 0.176777 0.573223 -0.78033
0.176777 0.176777 0.573223 0.78033
0.176777 0.176777 0.78033 -0.573223
0.176777 0.176777 0.78033 0.573223
0.176777 0.176777 0.926777 -0.28033
0.176777 0.176777 0.926777 0.28033
0.176777 0.28033 -0.926777 -0.176777
0.176777 0.28033 -0.926777 0.176777
0.176777 0.28033 -0.78033 -0.53033
0.176777 0.28033 -0.78033 0.53033
0.176777 0.28033 -0.53033 -0.78033
0.176777 0.28033 -0.53033 0.78033
0.176777 0.28033 -0.176777 -0.926777
0.176777 0.28033 -0.176777 0.926777
0.176777 0.28033 0.176777 -0.926777
0.176777 0.28033 0.176777 0.926777
0.176777 0.28033 0.53033 -0.78033
0.176777 0.28033 0.53033 0.78033
0.176777 0.28033 0.78033 -0.53033
0.176777 0.28033 0.78033 0.53033
0.176777 0.28033 0.926777 -0.176777
0.176777 0.28033 0.926777 0.176777
0.176777 0.323223 -0.926777 -0.0732233
0.176777 0.323223 -0.926777 0.0732233
0.176777 0.323223 -0.0732233 -0.926777
0.176777 0.323223 -0.0732233 0.926777
0.176777 0.323223 0.0732233 -0.926777
0.176777 0.323223 0.0732233 0.926777
0.176777 0.323223 0.926777 -0.0732233
0.176777 0.323223 0.926777 0.0732233
0.176777 0.426777 -0.883883 -0.0732233
0.176777 0.426777 -0.883883 0.0732233
0.176777 0.426777 -0.676777 -0.573223
0.176777 0.426777 -0.676777 0.573223
0.176777 0.426777 -0.573223 -0.676777
0.176777 0.426777 -0.573223 0.676777
0.176777 0.426777 -0.0732233 -0.883883
0.176777 0.426777 -0.0732233 0.883883
0.176777 0.426777 0.0732233 -0.883883
0.176777 0.426777 0.0732233 0.883883
0.176777 0.426777 0.573223 -0.676777
0.176777 0.426777 0.573223 0.676777
0.176777 0.426777 0.676777 -0.573223
0.176777 0.426777 0.676777 0.573223
0.176777 0.426777 0.883883 -0.0732233
0.176777 0.426777 0.883883 0.0732233
0.176777 0.53033 -0.78033 -0.28033
0.176777 0.53033 -0.78033 0.28033
0.176777 0.53033 -0.28033 -0.78033
0.176777 0.53033 -0.28033 0.78033
0.176777 0.53033 0.28033 -0.78033
0.176777 0.53033 0.28033 0.78033
0.176777 0.53033 0.78033 -0.28033
0.176777 0.53033 0.78033 0.28033
0.176777 0.573223 -0.78033 -0.176777
0.176777 0.573223 -0.78033 0.176777
0.176777 0.573223 -0.676777 -0.426777
0.176777 0.573223 -0.676777 0.426777
0.176777 0.573223 -0.426777 -0.676777
0.176777 0.573223 -0.426777 0.676777
0.176777 0.573223 -0.176777 -0.78033
0.176777 0.573223 -0.176777 0.78033
0.176777 0.573223 0.176777 -0.78033
0.176777 0.573223 0.176777 0.78033
0.176777 0.573223 0.426777 -0.676777
0.176777 0.573223 0.426777 0.676777
0.176777 0.573223 0.676777 -0.426777
0.176777 0.573223 0.676777 0.426777
0.176777 0.573223 0.78033 -0.176777
0.176777 0.573223 0.78033 0.176777
0.176777 0.676777 -0.573223 -0.426777
0.176777 0.676777 -0.573223 0.426777
0.176777 0.676777 -0.426777 -0.573223
0.176777 0.676777 -0.426777 0.573223
0.176777 0.676777 0.426777 -0.573223
0.176777 0.676777 0.426777 0.573223
0.176777 0.676777 0.573223 -0.426777
0.176777 0.676777 0.573223 0.426777
0.176777 0.78033 -0.573223 -0.176777
0.176777 0.78033 -0.573223 0.176777
0.176777 0.78033 -0.53033 -0.28033
0.176777 0.78033 -0.53033 0.28033
0.176777 0.78033 -0.28033 -0.53033
0.176777 0.78033 -0.28033 0.53033
0.176777 0.78033 -0.176777 -0.573223
0.176777 0.78033 -0.176777 0.573223
0.176777 0.78033 0.176777 -0.573223
0.176777 0.78033 0.176777 0.573223
0.176777 0.78033 0.28033 -0.53033
0.176777 0.78033 0.28033 0.53033
0.176777 0.78033 0.53033 -0.28033
0.176777 0.78033 0.53033 0.28033
0.176777 0.78033 0.573223 -0.176777
0.176777 0.78033 0.573223 0.176777
0.176777 0.883883 -0.426777 -0.0732233
0.176777 0.883883 -0.426777 0.0732233
0.176777 0.883883 -0.0732233 -0.426777
0.176777 0.883883 -0.0732233 0.426777
0.176777 0.883883 0.0732233 -0.426777
0.176777 0.883883 0.0732233 0.426777
0.176777 0.883883 0.426777 -0.0732233
0.176777 0.883883 0.426777 0.0732233
0.176777 0.926777 -0.323223 -0.0732233
0.176777 0.926777 -0.323223 0.0732233
0.176777 0.926777 -0.28033 -0.176777
0.176777 0.926777 -0.28033 0.176777
0.176777 0.926777 -0.176777 -0.28033
0.176777 0.926777 -0.176777 0.28033
0.176777 0.926777 -0.0732233 -0.323223
0.176777 0.926777 -0.0732233 0.323223
0.176777 0.926777 0.0732233 -0.323223
0.176777 0.926777 0.0732233 0.323223
0.176777 0.926777 0.176777 -0.28033
0.176777 0.926777 0.176777 0.28033
0.176777 0.926777 0.28033 -0.176777
0.176777 0.926777 0.28033 0.176777
0.176777 0.926777 0.323223 -0.0732233
0.176777 0.926777 0.323223 0.0732233
0.25 -0.957107 -0.146447 -7.85046e-17
0.25 -0.957107 0 -0.146447
0.25 -0.957107 -7.85046e-17 0.146447
0.25 -0.957107 0.146447 0
0.25 -0.853553 -0.457107 -7.85046e-17
0.25 -0.853553 0 -0.457107
0.25 -0.853553 -1.11022e-16 0.457107
0.25 -0.853553 0.457107 -3.92523e-17
0.25 -0.75 -0.5 -0.353553
0.25 -0.75 -0.5 0.353553
0.25 -0.75 -0.353553 -0.5
0.25 -0.75 -0.353553 0.5
0.25 -0.75 0.353553 -0.5
0.25 -0.75 0.353553 0.5
0.25 -0.75 0.5 -0.353553
0.25 -0.75 0.5 0.353553
0.25 -0.5 -0.75 -0.353553
0.25 -0.5 -0.75 0.353553
0.25 -0.5 -0.353553 -0.75
0.25 -0.5 -0.353553 0.75
0.25 -0.5 0.353553 -0.75
0.25 -0.5 0.353553 0.75
0.25 -0.5 0.75 -0.353553
0.25 -0.5 0.75 0.353553
0.25 -0.457107 -0.853553 -3.92523e-17
0.25 -0.457107 -1.57009e-16 -0.853553
0.25 -0.457107 -1.17757e-16 0.853553
0.25 -0.457107 0.853553 -1.17757e-16
0.25 -0.353553 -0.75 -0.5
0.25 -0.353553 -0.75 0.5
0.25 -0.353553 -0.5 -0.75
0.25 -0.353553 -0.5 0.75
0.25 -0.353553 0.5 -0.75
0.25 -0.353553 0.5 0.75
0.25 -0.353553 0.75 -0.5
0.25 -0.353553 0.75 0.5
0.25 -0.146447 -0.957107 2.15888e-16
0.25 -0.146447 1.17757e-16 -0.957107
0.25 -0.146447 -1.96262e-17 0.957107
0.25 -0.146447 0.957107 3.92523e-17
0.25 7.85046e-17 -0.957107 -0.146447
0.25 -1.57009e-16 -0.957107 0.146447
0.25 0 -0.853553 -0.457107
0.25 0 -0.853553 0.457107
0.25 -3.92523e-17 -0.457107 -0.853553
0.25 -0 -0.457107 0.853553
0.25 9.02056e-17 -0.146447 -0.957107
0.25 8.83177e-17 -0.146447 0.957107
0.25 1.80411e-16 0.146447 -0.957107
0.25 -2.94392e-17 0.146447 0.957107
0.25 1.17757e-16 0.457107 -0.853553
0.25 -1.96262e-17 0.457107 0.853553
0.25 -5.55112e-17 0.853553 -0.457107
0.25 0 0.853553 0.457107
0.25 5.88785e-17 0.957107 -0.146447
0.25 -1.96262e-17 0.957107 0.146447
0.25 0.146447 -0.957107 -0
0.25 0.146447 0 -0.957107
0.25 0.146447 1.80411e-16 0.957107
0.25 0.146447 0.957107 0
0.25 0.353553 -0.75 -0.5
0.25 0.353553 -0.75 0.5
0.25 0.353553 -0.5 -0.75
0.25 0.353553 -0.5 0.75
0.25 0.353553 0.5 -0.75
0.25 0.353553 0.5 0.75
0.25 0.353553 0.75 -0.5
0.25 0.353553 0.75 0.5
0.25 0.457107 -0.853553 -0
0.25 0.457107 1.96262e-16 -0.853553
0.25 0.457107 -3.92523e-17 0.853553
0.25 0.457107 0.853553 -7.85046e-17
0.25 0.5 -0.75 -0.353553
0.25 0.5 -0.75 0.353553
0.25 0.5 -0.353553 -0.75
0.25 0.5 -0.353553 0.75
0.25 0.5 0.353553 -0.75
0.25 0.5 0.353553 0.75
0.25 0.5 0.75 -0.353553
0.25 0.5 0.75 0.353553
0.25 0.75 -0.5 -0.353553
0.25 0.75 -0.5 0.353553
0.25 0.75 -0.353553 -0.5
0.25 0.75 -0.353553 0.5
0.25 0.75 0.353553 -0.5
0.25 0.75 0.353553 0.5
0.25 0.75 0.5 -0.353553
0.25 0.75 0.5 0.353553
0.25 0.853553 -0.457107 -7.85046e-17
0.25 0.853553 -1.11022e-16 -0.457107
0.25 0.853553 -1.11022e-16 0.457107
0.25 0.853553 0.457107 -7.85046e-17
0.25 0.957107 -0.146447 -5.88785e-17
0.25 0.957107 1.96262e-17 -0.146447
0.25 0.957107 0 0.146447
0.25 0.957107 0.146447 2.15888e-16
0.28033 -0.926777 -0.176777 -0.176777
0.28033 -0.926777 -0.176777 0.176777
0.28033 -0.926777 0.176777 -0.176777
0.28033 -0.926777 0.176777 0.176777
0.28033 -0.78033 -0.53033 -0.176777
0.28033 -0.78033 -0.53033 0.176777
0.28033 -0.78033 -0.176777 -0.53033
0.28033 -0.78033 -0.176777 0.53033
0.28033 -0.78033 0.176777 -0.53033
0.28033 -0.78033 0.176777 0.53033
0.28033 -0.78033 0.53033 -0.176777
0.28033 -0.78033 0.53033 0.176777
0.28033 -0.676777 -0.676777 -0.0732233
0.28033 -0.676777 -0.676777 0.0732233
0.28033 -0.676777 -0.53033 -0.426777
0.28033 -0.676777 -0.53033 0.426777
0.28033 -0.676777 -0.426777 -0.53033
0.28033 -0.676777 -0.426777 0.53033
0.28033 -0.676777 -0.0732233 -0.676777
0.28033 -0.676777 -0.0732233 0.676777
0.28033 -0.676777 0.0732233 -0.676777
0.28033 -0.676777 0.0732233 0.676777
0.28033 -0.676777 0.426777 -0.53033
0.28033 -0.676777 0.426777 0.53033
0.28033 -0.676777 0.53033 -0.426777
0.28033 -0.676777 0.53033 0.426777
0.28033 -0.676777 0.676777 -0.0732233
0.28033 -0.676777 0.676777 0.0732233
0.28033 -0.53033 -0.78033 -0.176777
0.28033 -0.53033 -0.78033 0.176777
0.28033 -0.53033 -0.676777 -0.426777
0.28033 -0.53033 -0.676777 0.426777
0.28033 -0.53033 -0.426777 -0.676777
0.28033 -0.53033 -0.426777 0.676777
0.28033 -0.53033 -0.176777 -0.78033
0.28033 -0.53033 -0.176777 0.78033
0.28033 -0.53033 0.176777 -0.78033
0.28033 -0.53033 0.176777 0.78033
0.28033 -0.53033 0.426777 -0.676777
0.28033 -0.53033 0.426777 0.676777
0.28033 -0.53033 0.676777 -0.426777
0.28033 -0.53033 0.676777 0.426777
0.28033 -0.53033 0.78033 -0.176777
0.28033 -0.53033 0.78033 0.176777
0.28033 -0.426777 -0.676777 -0.53033
0.28033 -0.426777 -0.676777 0.53033
0.28033 -0.426777 -0.53033 -0.676777
0.28033 -0.426777 -0.53033 0.676777
0.28033 -0.426777 0.53033 -0.676777
0.28033 -0.426777 0.53033 0.676777
0.28033 -0.426777 0.676777 -0.53033
0.28033 -0.426777 0.676777 0.53033
0.28033 -0.176777 -0.926777 -0.176777
0.28033 -0.176777 -0.926777 0.176777
0.28033 -0.176777 -0.78033 -0.53033
0.28033 -0.176777 -0.78033 0.53033
0.28033 -0.176777 -0.53033 -0.78033
0.28033 -0.176777 -0.53033 0.78033
0.28033 -0.176777 -0.176777 -0.926777
0.28033 -0.176777 -0.176777 0.926777
0.28033 -0.176777 0.176777 -0.926777
0.28033 -0.176777 0.176777 0.926777
0.28033 -0.176777 0.53033 -0.78033
0.28033 -0.176777 0.53033 0.78033
0.28033 -0.176777 0.78033 -0.53033
0.28033 -0.176777 0.78033 0.53033
0.28033 -0.176777 0.926777 -0.176777
0.28033 -0.176777 0.926777 0.176777
0.28033 -0.0732233 -0.676777 -0.676777
0.28033 -0.0732233 -0.676777 0.676777
0.28033 -0.0732233 0.676777 -0.676777
0.28033 -0.0732233 0.676777 0.676777
0.28033 0.0732233 -0.676777 -0.676777
0.28033 0.0732233 -0.676777 0.676777
0.28033 0.0732233 0.676777 -0.676777
0.28033 0.0732233 0.676777 0.676777
0.28033 0.176777 -0.926777 -0.176777
0.28033 0.176777 -0.926777 0.176777
0.28033 0.176777 -0.78033 -0.53033
0.28033 0.176777 -0.78033 0.53033
0.28033 0.176777 -0.53033 -0.78033
0.28033 0.176777 -0.53033 0.78033
0.28033 0.176777 -0.176777 -0.926777
0.28033 0.176777 -0.176777 0.926777
0.28033 0.176777 0.176777 -0.926777
0.28033 0.176777 0.176777 0.926777
0.28033 0.176777 0.53033 -0.78033
0.28033 0.176777 0.53033 0.78033
0.28033 0.176777 0.78033 -0.53033
0.28033 0.176777 0.78033 0.53033
0.28033 0.176777 0.926777 -0.176777
0.28033 0.176777 0.926777 0.176777
0.28033 0.426777 -0.676777 -0.53033
0.28033 0.426777 -0.676777 0.53033
0.28033 0.426777 -0.53033 -0.676777
0.28033 0.426777 -0.53033 0.676777
0.28033 0.426777 0.53033 -0.676777
0.28033 0.426777 0.53033 0.676777
0.28033 0.426777 0.676777 -0.53033
0.28033 0.426777 0.676777 0.53033
0.28033 0.53033 -0.78033 -0.176777
0.28033 0.53033 -0.78033 0.176777
0.28033 0.53033 -0.676777 -0.426777
0.28033 0.53033 -0.676777 0.426777
0.28033 0.53033 -0.426777 -0.676777
0.28033 0.53033 -0.426777 0.676777
0.28033 0.53033 -0.176777 -0.78033
0.28033 0.53033 -0.176777 0.78033
0.28033 0.53033 0.176777 -0.78033
0.28033 0.53033 0.176777 0.78033
0.28033 0.53033 0.426777 -0.676777
0.28033 0.53033 0.426777 0.676777
0.28033 0.53033 0.676777 -0.426777
0.28033 0.53033 0.676777 0.426777
0.28033 0.53033 0.78033 -0.176777
0.28033 0.53033 0.78033 0.176777
0.28033 0.676777 -0.676777 -0.0732233
0.28033 0.676777 -0.676777 0.0732233
0.28033 0.676777 -0.53033 -0.426777
0.28033 0.676777 -0.53033 0.426777
0.28033 0.676777 -0.426777 -0.53033
0.28033 0.676777 -0.426777 0.53033
0.28033 0.676777 -0.0732233 -0.676777
0.28033 0.676777 -0.0732233 0.676777
0.28033 0.676777 0.0732233 -0.676777
0.28033 0.676777 0.0732233 0.676777
0.28033 0.676777 0.426777 -0.53033
0.28033 0.676777 0.426777 0.53033
0.28033 0.676777 0.53033 -0.426777
0.28033 0.676777 0.53033 0.426777
0.28033 0.676777 0.676777 -0.0732233
0.28033 0.676777 0.676777 0.0732233
0.28033 0.78033 -0.53033 -0.176777
0.28033 0.78033 -0.53033 0.176777
0.28033 0.78033 -0.176777 -0.53033
0.28033 0.78033 -0.176777 0.53033
0.28033 0.78033 0.176777 -0.53033
0.28033 0.78033 0.176777 0.53033
0.28033 0.78033 0.53033 -0.176777
0.28033 0.78033 0.53033 0.176777
0.28033 0.926777 -0.176777 -0.176777
0.28033 0.926777 -0.176777 0.176777
0.28033 0.926777 0.176777 -0.176777
0.28033 0.926777 0.176777 0.176777
0.323223 -0.926777 -0.176777 -0.0732233
0.323223 -0.926777 -0.176777 0.0732233
0.323223 -0.926777 -0.0732233 -0.176777
0.323223 -0.926777 -0.0732233 0.176777
0.323223 -0.926777 0.0732233 -0.176777
0.323223 -0.926777 0.0732233 0.176777
0.323223 -0.926777 0.176777 -0.0732233
0.323223 -0.926777 0.176777 0.0732233
0.323223 -0.78033 -0.53033 -0.0732233
0.323223 -0.78033 -0.53033 0.0732233
0.323223 -0.78033 -0.426777 -0.323223
0.323223 -0.78033 -0.426777 0.323223
0.323223 -0.78033 -0.323223 -0.426777
0.323223 -0.78033 -0.323223 0.426777
0.323223 -0.78033 -0.0732233 -0.53033
0.323223 -0.78033 -0.0732233 0.53033
0.323223 -0.78033 0.0732233 -0.53033
0.323223 -0.78033 0.0732233 0.53033
0.323223 -0.78033 0.323223 -0.426777
0.323223 -0.78033 0.323223 0.426777
0.323223 -0.78033 0.426777 -0.323223
0.323223 -0.78033 0.426777 0.323223
0.323223 -0.78033 0.53033 -0.0732233
0.323223 -0.78033 0.53033 0.0732233
0.323223 -0.53033 -0.78033 -0.0732233
0.323223 -0.53033 -0.78033 0.0732233
0.323223 -0.53033 -0.0732233 -0.78033
0.323223 -0.53033 -0.0732233 0.78033
0.323223 -0.53033 0.0732233 -0.78033
0.323223 -0.53033 0.0732233 0.78033
0.323223 -0.53033 0.78033 -0.0732233
0.323223 -0.53033 0.78033 0.0732233
0.323223 -0.426777 -0.78033 -0.323223
0.323223 -0.426777 -0.78033 0.323223
0.323223 -0.426777 -0.323223 -0.78033
0.323223 -0.426777 -0.323223 0.78033
0.323223 -0.426777 0.323223 -0.78033
0.323223 -0.426777 0.323223 0.78033
0.323223 -0.426777 0.78033 -0.323223
0.323223 -0.426777 0.78033 0.323223
0.323223 -0.323223 -0.78033 -0.426777
0.323223 -0.323223 -0.78033 0.426777
0.323223 -0.323223 -0.426777 -0.78033
0.323223 -0.323223 -0.426777 0.78033
0.323223 -0.323223 0.426777 -0.78033
0.323223 -0.323223 0.426777 0.78033
0.323223 -0.323223 0.78033 -0.426777
0.323223 -0.323223 0.78033 0.426777
0.323223 -0.176777 -0.926777 -0.0732233
0.323223 -0.176777 -0.926777 0.0732233
0.323223 -0.176777 -0.0732233 -0.926777
0.323223 -0.176777 -0.0732233 0.926777
0.323223 -0.176777 0.0732233 -0.926777
0.323223 -0.176777 0.0732233 0.926777
0.323223 -0.176777 0.926777 -0.0732233
0.323223 -0.176777 0.926777 0.0732233
0.323223 -0.0732233 -0.926777 -0.176777
0.323223 -0.0732233 -0.926777 0.176777
0.323223 -0.0732233 -0.78033 -0.53033
0.323223 -0.0732233 -0.78033 0.53033
0.323223 -0.0732233 -0.53033 -0.78033
0.323223 -0.0732233 -0.53033 0.78033
0.323223 -0.0732233 -0.176777 -0.926777
0.323223 -0.0732233 -0.176777 0.926777
0.323223 -0.0732233 0.176777 -0.926777
0.323223 -0.0732233 0.176777 0.926777
0.323223 -0.0732233 0.53033 -0.78033
0.323223 -0.0732233 0.53033 0.78033
0.323223 -0.0732233 0.78033 -0.53033
0.323223 -0.0732233 0.78033 0.53033
0.323223 -0.0732233 0.926777 -0.176777
0.323223 -0.0732233 0.926777 0.176777
0.323223 0.0732233 -0.926777 -0.176777
0.323223 0.0732233 -0.926777 0.176777
0.323223 0.0732233 -0.78033 -0.53033
0.323223 0.0732233 -0.78033 0.53033
0.323223 0.0732233 -0.53033 -0.78033
0.323223 0.0732233 -0.53033 0.78033
0.323223 0.0732233 -0.176777 -0.926777
0.323223 0.0732233 -0.176777 0.926777
0.323223 0.0732233 0.176777 -0.926777
0.323223 0.0732233 0.176777 0.926777
0.323223 0.0732233 0.53033 -0.78033
0.323223 0.0732233 0.53033 0.78033
0.323223 0.0732233 0.78033 -0.53033
0.323223 0.0732233 0.78033 0.53033
0.323223 0.0732233 0.926777 -0.176777
0.323223 0.0732233 0.926777 0.176777
0.323223 0.176777 -0.926777 -0.0732233
0.323223 0.176777 -0.926777 0.0732233
0.323223 0.176777 -0.0732233 -0.926777
0.323223 0.176777 -0.0732233 0.926777
0.323223 0.176777 0.0732233 -0.926777
0.323223 0.176777 0.0732233 0.926777
0.323223 0.176777 0.926777 -0.0732233
0.323223 0.176777 0.926777 0.0732233
0.323223 0.323223 -0.78033 -0.426777
0.323223 0.323223 -0.78033 0.426777
0.323223 0.323223 -0.426777 -0.78033
0.323223 0.323223 -0.426777 0.78033
0.323223 0.323223 0.426777 -0.78033
0.323223 0.323223 0.426777 0.78033
0.323223 0.323223 0.78033 -0.426777
0.323223 0.323223 0.78033 0.426777
0.323223 0.426777 -0.78033 -0.323223
0.323223 0.426777 -0.78033 0.323223
0.323223 0.426777 -0.323223 -0.78033
0.323223 0.426777 -0.323223 0.78033
0.323223 0.426777 0.323223 -0.78033
0.323223 0.426777 0.323223 0.78033
0.323223 0.426777 0.78033 -0.323223
0.323223 0.426777 0.78033 0.323223
0.323223 0.53033 -0.78033 -0.0732233
0.323223 0.53033 -0.78033 0.0732233
0.323223 0.53033 -0.0732233 -0.78033
0.323223 0.53033 -0.0732233 0.78033
0.323223 0.53033 0.0732233 -0.78033
0.323223 0.53033 0.0732233 0.78033
0.323223 0.53033 0.78033 -0.0732233
0.323223 0.53033 0.78033 0.0732233
0.323223 0.78033 -0.53033 -0.0732233
0.323223 0.78033 -0.53033 0.0732233
0.323223 0.78033 -0.426777 -0.323223
0.323223 0.78033 -0.426777 0.323223
0.323223 0.78033 -0.323223 -0.426777
0.323223 0.78033 -0.323223 0.426777
0.323223 0.78033 -0.0732233 -0.53033
0.323223 0.78033 -0.0732233 0.53033
0.323223 0.78033 0.0732233 -0.53033
0.323223 0.78033 0.0732233 0.53033
0.323223 0.78033 0.323223 -0.426777
0.323223 0.78033 0.323223 0.426777
0.323223 0.78033 0.426777 -0.323223
0.323223 0.78033 0.426777 0.323223
0.323223 0.78033 0.53033 -0.0732233
0.323223 0.78033 0.53033 0.0732233
0.323223 0.926777 -0.176777 -0.0732233
0.323223 0.926777 -0.176777 0.0732233
0.323223 0.926777 -0.0732233 -0.176777
0.323223 0.926777 -0.0732233 0.176777
0.323223 0.926777 0.0732233 -0.176777
0.323223 0.926777 0.0732233 0.176777
0.323223 0.926777 0.176777 -0.0732233
0.323223 0.926777 0.176777 0.0732233
0.353553 -0.75 -0.5 -0.25
0.353553 -0.75 -0.5 0.25
0.353553 -0.75 -0.25 -0.5
0.353553 -0.75 -0.25 0.5
0.353553 -0.75 0.25 -0.5
0.353553 -0.75 0.25 0.5
0.353553 -0.75 0.5 -0.25
0.353553 -0.75 0.5 0.25
0.353553 -0.707107 -0.603553 -0.103553
0.353553 -0.707107 -0.603553 0.103553
0.353553 -0.707107 -0.103553 -0.603553
0.353553 -0.707107 -0.103553 0.603553
0.353553 -0.707107 0.103553 -0.603553
0.353553 -0.707107 0.103553 0.603553
0.353553 -0.707107 0.603553 -0.103553
0.353553 -0.707107 0.603553 0.103553
0.353553 -0.603553 -0.707107 -0.103553
0.353553 -0.603553 -0.707107 0.103553
0.353553 -0.603553 -0.103553 -0.707107
0.353553 -0.603553 -0.103553 0.707107
0.353553 -0.603553 0.103553 -0.707107
0.353553 -0.603553 0.103553 0.707107
0.353553 -0.603553 0.707107 -0.103553
0.353553 -0.603553 0.707107 0.103553
0.353553 -0.5 -0.75 -0.25
0.353553 -0.5 -0.75 0.25
0.353553 -0.5 -0.25 -0.75
0.353553 -0.5 -0.25 0.75
0.353553 -0.5 0.25 -0.75
0.353553 -0.5 0.25 0.75
0.353553 -0.5 0.75 -0.25
0.353553 -0.5 0.75 0.25
0.353553 -0.25 -0.75 -0.5
0.353553 -0.25 -0.75 0.5
0.353553 -0.25 -0.5 -0.75
0.353553 -0.25 -0.5 0.75
0.353553 -0.25 0.5 -0.75
0.353553 -0.25 0.5 0.75
0.353553 -0.25 0.75 -0.5
0.353553 -0.25 0.75 0.5
0.353553 -0.103553 -0.707107 -0.603553
0.353553 -0.103553 -0.707107 0.603553
0.353553 -0.103553 -0.603553 -0.707107
0.353553 -0.103553 -0.603553 0.707107
0.353553 -0.103553 0.603553 -0.707107
0.353553 -0.103553 0.603553 0.707107
0.353553 -0.103553 0.707107 -0.603553
0.353553 -0.103553 0.707107 0.603553
0.353553 0.103553 -0.707107 -0.603553
0.353553 0.103553 -0.707107 0.603553
0.353553 0.103553 -0.603553 -0.707107
0.353553 0.103553 -0.603553 0.707107
0.353553 0.103553 0.603553 -0.707107
0.353553 0.103553 0.603553 0.707107
0.353553 0.103553 0.707107 -0.603553
0.353553 0.103553 0.707107 0.603553
0.353553 0.25 -0.75 -0.5
0.353553 0.25 -0.75 0.5
0.353553 0.25 -0.5 -0.75
0.353553 0.25 -0.5 0.75
0.353553 0.25 0.5 -0.75
0.353553 0.25 0.5 0.75
0.353553 0.25 0.75 -0.5
0.353553 0.25 0.75 0.5
0.353553 0.5 -0.75 -0.25
0.353553 0.5 -0.75 0.25
0.353553 0.5 -0.25 -0.75
0.353553 0.5 -0.25 0.75
0.353553 0.5 0.25 -0.75
0.353553 0.5 0.25 0.75
0.353553 0.5 0.75 -0.25
0.353553 0.5 0.75 0.25
0.353553 0.603553 -0.707107 -0.103553
0.353553 0.603553 -0.707107 0.103553
0.353553 0.603553 -0.103553 -0.707107
0.353553 0.603553 -0.103553 0.707107
0.353553 0.603553 0.103553 -0.707107
0.353553 0.603553 0.103553 0.707107
0.353553 0.603553 0.707107 -0.103553
0.353553 0.603553 0.707107 0.103553
0.353553 0.707107 -0.603553 -0.103553
0.353553 0.707107 -0.603553 0.103553
0.353553 0.707107 -0.103553 -0.603553
0.353553 0.707107 -0.103553 0.603553
0.353553 0.707107 0.103553 -0.603553
0.353553 0.707107 0.103553 0.603553
0.353553 0.707107 0.603553 -0.103553
0.353553 0.707107 0.603553 0.103553
0.353553 0.75 -0.5 -0.25
0.353553 0.75 -0.5 0.25
0.353553 0.75 -0.25 -0.5
0.353553 0.75 -0.25 0.5
0.353553 0.75 0.25 -0.5
0.353553 0.75 0.25 0.5
0.353553 0.75 0.5 -0.25
0.353553 0.75 0.5 0.25
0.426777 -0.883883 -0.176777 -0.0732233
0.426777 -0.883883 -0.176777 0.0732233
0.426777 -0.883883 -0.0732233 -0.176777
0.426777 -0.883883 -0.0732233 0.176777
0.426777 -0.883883 0.0732233 -0.176777
0.426777 -0.883883 0.0732233 0.176777
0.426777 -0.883883 0.176777 -0.0732233
0.426777 -0.883883 0.176777 0.0732233
0.426777 -0.78033 -0.323223 -0.323223
0.426777 -0.78033 -0.323223 0.323223
0.426777 -0.78033 0.323223 -0.323223
0.426777 -0.78033 0.323223 0.323223
0.426777 -0.676777 -0.573223 -0.176777
0.426777 -0.676777 -0.573223 0.176777
0.426777 -0.676777 -0.53033 -0.28033
0.426777 -0.676777 -0.53033 0.28033
0.426777 -0.676777 -0.28033 -0.53033
0.426777 -0.676777 -0.28033 0.53033
0.426777 -0.676777 -0.176777 -0.573223
0.426777 -0.676777 -0.176777 0.573223
0.426777 -0.676777 0.176777 -0.573223
0.426777 -0.676777 0.176777 0.573223
0.426777 -0.676777 0.28033 -0.53033
0.426777 -0.676777 0.28033 0.53033
0.426777 -0.676777 0.53033 -0.28033
0.426777 -0.676777 0.53033 0.28033
0.426777 -0.676777 0.573223 -0.176777
0.426777 -0.676777 0.573223 0.176777
0.426777 -0.573223 -0.676777 -0.176777
0.426777 -0.573223 -0.676777 0.176777
0.426777 -0.573223 -0.176777 -0.676777
0.426777 -0.573223 -0.176777 0.676777
0.426777 -0.573223 0.176777 -0.676777
0.426777 -0.573223 0.176777 0.676777
0.426777 -0.573223 0.676777 -0.176777
0.426777 -0.573223 0.676777 0.176777
0.426777 -0.53033 -0.676777 -0.28033
0.426777 -0.53033 -0.676777 0.28033
0.426777 -0.53033 -0.28033 -0.676777
0.426777 -0.53033 -0.28033 0.676777
0.426777 -0.53033 0.28033 -0.676777
0.426777 -0.53033 0.28033 0.676777
0.426777 -0.53033 0.676777 -0.28033
0.426777 -0.53033 0.676777 0.28033
0.426777 -0.323223 -0.78033 -0.323223
0.426777 -0.323223 -0.78033 0.323223
0.426777 -0.323223 -0.323223 -0.78033
0.426777 -0.323223 -0.323223 0.78033
0.426777 -0.323223 0.323223 -0.78033
0.426777 -0.323223 0.323223 0.78033
0.426777 -0.323223 0.78033 -0.323223
0.426777 -0.323223 0.78033 0.323223
0.426777 -0.28033 -0.676777 -0.53033
0.426777 -0.28033 -0.676777 0.53033
0.426777 -0.28033 -0.53033 -0.676777
0.426777 -0.28033 -0.53033 0.676777
0.426777 -0.28033 0.53033 -0.676777
0.426777 -0.28033 0.53033 0.676777
0.426777 -0.28033 0.676777 -0.53033
0.426777 -0.28033 0.676777 0.53033
0.426777 -0.176777 -0.883883 -0.0732233
0.426777 -0.176777 -0.883883 0.0732233
0.426777 -0.176777 -0.676777 -0.573223
0.426777 -0.176777 -0.676777 0.573223
0.426777 -0.176777 -0.573223 -0.676777
0.426777 -0.176777 -0.573223 0.676777
0.426777 -0.176777 -0.0732233 -0.883883
0.426777 -0.176777 -0.0732233 0.883883
0.426777 -0.176777 0.0732233 -0.883883
0.426777 -0.176777 0.0732233 0.883883
0.426777 -0.176777 0.573223 -0.676777
0.426777 -0.176777 0.573223 0.676777
0.426777 -0.176777 0.676777 -0.573223
0.426777 -0.176777 0.676777 0.573223
0.426777 -0.176777 0.883883 -0.0732233
0.426777 -0.176777 0.883883 0.0732233
0.426777 -0.0732233 -0.883883 -0.176777
0.426777 -0.0732233 -0.883883 0.176777
0.426777 -0.0732233 -0.176777 -0.883883
0.426777 -0.0732233 -0.176777 0.883883
0.426777 -0.0732233 0.176777 -0.883883
0.426777 -0.0732233 0.176777 0.883883
0.426777 -0.0732233 0.883883 -0.176777
0.426777 -0.0732233 0.883883 0.176777
0.426777 0.0732233 -0.883883 -0.176777
0.426777 0.0732233 -0.883883 0.176777
0.426777 0.0732233 -0.176777 -0.883883
0.426777 0.0732233 -0.176777 0.883883
0.426777 0.0732233 0.176777 -0.883883
0.426777 0.0732233 0.176777 0.883883
0.426777 0.0732233 0.883883 -0.176777
0.426777 0.0732233 0.883883 0.176777
0.426777 0.176777 -0.883883 -0.0732233
0.426777 0.176777 -0.883883 0.0732233
0.426777 0.176777 -0.676777 -0.573223
0.426777 0.176777 -0.676777 0.573223
0.426777 0.176777 -0.573223 -0.676777
0.426777 0.176777 -0.573223 0.676777
0.426777 0.176777 -0.0732233 -0.883883
0.426777 0.176777 -0.0732233 0.883883
0.426777 0.176777 0.0732233 -0.883883
0.426777 0.176777 0.0732233 0.883883
0.426777 0.176777 0.573223 -0.676777
0.426777 0.176777 0.573223 0.676777
0.426777 0.176777 0.676777 -0.573223
0.426777 0.176777 0.676777 0.573223
0.426777 0.176777 0.883883 -0.0732233
0.426777 0.176777 0.883883 0.0732233
0.426777 0.28033 -0.676777 -0.53033
0.426777 0.28033 -0.676777 0.53033
0.426777 0.28033 -0.53033 -0.676777
0.426777 0.28033 -0.53033 0.676777
0.426777 0.28033 0.53033 -0.676777
0.426777 0.28033 0.53033 0.676777
0.426777 0.28033 0.676777 -0.53033
0.426777 0.28033 0.676777 0.53033
0.426777 0.323223 -0.78033 -0.323223
0.426777 0.323223 -0.78033 0.323223
0.426777 0.323223 -0.323223 -0.78033
0.426777 0.323223 -0.323223 0.78033
0.426777 0.323223 0.323223 -0.78033
0.426777 0.323223 0.323223 0.78033
0.426777 0.323223 0.78033 -0.323223
0.426777 0.323223 0.78033 0.323223
0.426777 0.53033 -0.676777 -0.28033
0.426777 0.53033 -0.676777 0.28033
0.426777 0.53033 -0.28033 -0.676777
0.426777 0.53033 -0.28033 0.676777
0.426777 0.53033 0.28033 -0.676777
0.426777 0.53033 0.28033 0.676777
0.426777 0.53033 0.676777 -0.28033
0.426777 0.53033 0.676777 0.28033
0.426777 0.573223 -0.676777 -0.176777
0.426777 0.573223 -0.676777 0.176777
0.426777 0.573223 -0.176777 -0.676777
0.426777 0.573223 -0.176777 0.676777
0.426777 0.573223 0.176777 -0.676777
0.426777 0.573223 0.176777 0.676777
0.426777 0.573223 0.676777 -0.176777
0.426777 0.573223 0.676777 0.176777
0.426777 0.676777 -0.573223 -0.176777
0.426777 0.676777 -0.573223 0.176777
0.426777 0.676777 -0.53033 -0.28033
0.426777 0.676777 -0.53033 0.28033
0.426777 0.676777 -0.28033 -0.53033
0.426777 0.676777 -0.28033 0.53033
0.426777 0.676777 -0.176777 -0.573223
0.426777 0.676777 -0.176777 0.573223
0.426777 0.676777 0.176777 -0.573223
0.426777 0.676777 0.176777 0.573223
0.426777 0.676777 0.28033 -0.53033
0.426777 0.676777 0.28033 0.53033
0.426777 0.676777 0.53033 -0.28033
0.426777 0.676777 0.53033 0.28033
0.426777 0.676777 0.573223 -0.176777
0.426777 0.676777 0.573223 0.176777
0.426777 0.78033 -0.323223 -0.323223
0.426777 0.78033 -0.323223 0.323223
0.426777 0.78033 0.323223 -0.323223
0.426777 0.78033 0.323223 0.323223
0.426777 0.883883 -0.176777 -0.0732233
0.426777 0.883883 -0.176777 0.0732233
0.426777 0.883883 -0.0732233 -0.176777
0.426777 0.883883 -0.0732233 0.176777
0.426777 0.883883 0.0732233 -0.176777
0.426777 0.883883 0.0732233 0.176777
0.426777 0.883883 0.176777 -0.0732233
0.426777 0.883883 0.176777 0.0732233
0.457107 -0.853553 -0.25 -1.96262e-17
0.457107 -0.853553 -0 -0.25
0.457107 -0.853553 -5.55112e-17 0.25
0.457107 -0.853553 0.25 3.92523e-17
0.457107 -0.25 -0.853553 -1.96262e-16
0.457107 -0.25 -7.85046e-17 -0.853553
0.457107 -0.25 0 0.853553
0.457107 -0.25 0.853553 3.92523e-17
0.457107 -1.11022e-16 -0.853553 -0.25
0.457107 -0 -0.853553 0.25
0.457107 3.92523e-17 -0.25 -0.853553
0.457107 7.85046e-17 -0.25 0.853553
0.457107 -7.85046e-17 0.25 -0.853553
0.457107 -7.85046e-17 0.25 0.853553
0.457107 -1.11022e-16 0.853553 -0.25
0.457107 1.11022e-16 0.853553 0.25
0.457107 0.25 -0.853553 -1.17757e-16
0.457107 0.25 3.92523e-17 -0.853553
0.457107 0.25 1.17757e-16 0.853553
0.457107 0.25 0.853553 -1.57009e-16
0.457107 0.853553 -0.25 1.17757e-16
0.457107 0.853553 -0 -0.25
0.457107 0.853553 0 0.25
0.457107 0.853553 0.25 -0
0.5 -0.853553 -0.103553 -0.103553
0.5 -0.853553 -0.103553 0.103553
0.5 -0.853553 0.103553 -0.103553
0.5 -0.853553 0.103553 0.103553
0.5 -0.75 -0.353553 -0.25
0.5 -0.75 -0.353553 0.25
0.5 -0.75 -0.25 -0.353553
0.5 -0.75 -0.25 0.353553
0.5 -0.75 0.25 -0.353553
0.5 -0.75 0.25 0.353553
0.5 -0.75 0.353553 -0.25
0.5 -0.75 0.353553 0.25
0.5 -0.603553 -0.603553 -0.146447
0.5 -0.603553 -0.603553 0.146447
0.5 -0.603553 -0.146447 -0.603553
0.5 -0.603553 -0.146447 0.603553
0.5 -0.603553 0.146447 -0.603553
0.5 -0.603553 0.146447 0.603553
0.5 -0.603553 0.603553 -0.146447
0.5 -0.603553 0.603553 0.146447
0.5 -0.353553 -0.75 -0.25
0.5 -0.353553 -0.75 0.25
0.5 -0.353553 -0.25 -0.75
0.5 -0.353553 -0.25 0.75
0.5 -0.353553 0.25 -0.75
0.5 -0.353553 0.25 0.75
0.5 -0.353553 0.75 -0.25
0.5 -0.353553 0.75 0.25
0.5 -0.25 -0.75 -0.353553
0.5 -0.25 -0.75 0.353553
0.5 -0.25 -0.353553 -0.75
0.5 -0.25 -0.353553 0.75
0.5 -0.25 0.353553 -0.75
0.5 -0.25 0.353553 0.75
0.5 -0.25 0.75 -0.353553
0.5 -0.25 0.75 0.353553
0.5 -0.146447 -0.603553 -0.603553
0.5 -0.146447 -0.603553 0.603553
0.5 -0.146447 0.603553 -0.603553
0.5 -0.146447 0.603553 0.603553
0.5 -0.103553 -0.853553 -0.103553
0.5 -0.103553 -0.853553 0.103553
0.5 -0.103553 -0.103553 -0.853553
0.5 -0.103553 -0.103553 0.853553
0.5 -0.103553 0.103553 -0.853553
0.5 -0.103553 0.103553 0.853553
0.5 -0.103553 0.853553 -0.103553
0.5 -0.103553 0.853553 0.103553
0.5 0.103553 -0.853553 -0.103553
0.5 0.103553 -0.853553 0.103553
0.5 0.103553 -0.103553 -0.853553
0.5 0.103553 -0.103553 0.853553
0.5 0.103553 0.103553 -0.853553
0.5 0.103553 0.103553 0.853553
0.5 0.103553 0.853553 -0.103553
0.5 0.103553 0.853553 0.103553
0.5 0.146447 -0.603553 -0.603553
0.5 0.146447 -0.603553 0.603553
0.5 0.146447 0.603553 -0.603553
0.5 0.146447 0.603553 0.603553
0.5 0.25 -0.75 -0.353553
0.5 0.25 -0.75 0.353553
0.5 0.25 -0.353553 -0.75
0.5 0.25 -0.353553 0.75
0.5 0.25 0.353553 -0.75
0.5 0.25 0.353553 0.75
0.5 0.25 0.75 -0.353553
0.5 0.25 0.75 0.353553
0.5 0.353553 -0.75 -0.25
0.5 0.353553 -0.75 0.25
0.5 0.353553 -0.25 -0.75
0.5 0.353553 -0.25 0.75
0.5 0.353553 0.25 -0.75
0.5 0.353553 0.25 0.75
0.5 0.353553 0.75 -0.25
0.5 0.353553 0.75 0.25
0.5 0.603553 -0.603553 -0.146447
0.5 0.603553 -0.603553 0.146447
0.5 0.603553 -0.146447 -0.603553
0.5 0.603553 -0.146447 0.603553
0.5 0.603553 0.146447 -0.603553
0.5 0.603553 0.146447 0.603553
0.5 0.603553 0.603553 -0.146447
0.5 0.603553 0.603553 0.146447
0.5 0.75 -0.353553 -0.25
0.5 0.75 -0.353553 0.25
0.5 0.75 -0.25 -0.353553
0.5 0.75 -0.25 0.353553
0.5 0.75 0.25 -0.353553
0.5 0.75 0.25 0.353553
0.5 0.75 0.353553 -0.25
0.5 0.75 0.353553 0.25
0.5 0.853553 -0.103553 -0.103553
0.5 0.853553 -0.103553 0.103553
0.5 0.853553 0.103553 -0.103553
0.5 0.853553 0.103553 0.103553
0.53033 -0.78033 -0.323223 -0.0732233
0.53033 -0.78033 -0.323223 0.0732233
0.53033 -0.78033 -0.28033 -0.176777
0.53033 -0.78033 -0.28033 0.176777
0.53033 -0.78033 -0.176777 -0.28033
0.53033 -0.78033 -0.176777 0.28033
0.53033 -0.78033 -0.0732233 -0.323223
0.53033 -0.78033 -0.0732233 0.323223
0.53033 -0.78033 0.0732233 -0.323223
0.53033 -0.78033 0.0732233 0.323223
0.53033 -0.78033 0.176777 -0.28033
0.53033 -0.78033 0.176777 0.28033
0.53033 -0.78033 0.28033 -0.176777
0.53033 -0.78033 0.28033 0.176777
0.53033 -0.78033 0.323223 -0.0732233
0.53033 -0.78033 0.323223 0.0732233
0.53033 -0.676777 -0.426777 -0.28033
0.53033 -0.676777 -0.426777 0.28033
0.53033 -0.676777 -0.28033 -0.426777
0.53033 -0.676777 -0.28033 0.426777
0.53033 -0.676777 0.28033 -0.426777
0.53033 -0.676777 0.28033 0.426777
0.53033 -0.676777 0.426777 -0.28033
0.53033 -0.676777 0.426777 0.28033
0.53033 -0.426777 -0.676777 -0.28033
0.53033 -0.426777 -0.676777 0.28033
0.53033 -0.426777 -0.28033 -0.676777
0.53033 -0.426777 -0.28033 0.676777
0.53033 -0.426777 0.28033 -0.676777
0.53033 -0.426777 0.28033 0.676777
0.53033 -0.426777 0.676777 -0.28033
0.53033 -0.426777 0.676777 0.28033
0.53033 -0.323223 -0.78033 -0.0732233
0.53033 -0.323223 -0.78033 0.0732233
0.53033 -0.323223 -0.0732233 -0.78033
0.53033 -0.323223 -0.0732233 0.78033
0.53033 -0.323223 0.0732233 -0.78033
0.53033 -0.323223 0.0732233 0.78033
0.53033 -0.323223 0.78033 -0.0732233
0.53033 -0.323223 0.78033 0.0732233
0.53033 -0.28033 -0.78033 -0.176777
0.53033 -0.28033 -0.78033 0.176777
0.53033 -0.28033 -0.676777 -0.426777
0.53033 -0.28033 -0.676777 0.426777
0.53033 -0.28033 -0.426777 -0.676777
0.53033 -0.28033 -0.426777 0.676777
0.53033 -0.28033 -0.176777 -0.78033
0.53033 -0.28033 -0.176777 0.78033
0.53033 -0.28033 0.176777 -0.78033
0.53033 -0.28033 0.176777 0.78033
0.53033 -0.28033 0.426777 -0.676777
0.53033 -0.28033 0.426777 0.676777
0.53033 -0.28033 0.676777 -0.426777
0.53033 -0.28033 0.676777 0.426777
0.53033 -0.28033 0.78033 -0.176777
0.53033 -0.28033 0.78033 0.176777
0.53033 -0.176777 -0.78033 -0.28033
0.53033 -0.176777 -0.78033 0.28033
0.53033 -0.176777 -0.28033 -0.78033
0.53033 -0.176777 -0.28033 0.78033
0.53033 -0.176777 0.28033 -0.78033
0.53033 -0.176777 0.28033 0.78033
0.53033 -0.176777 0.78033 -0.28033
0.53033 -0.176777 0.78033 0.28033
0.53033 -0.0732233 -0.78033 -0.323223
0.53033 -0.0732233 -0.78033 0.323223
0.53033 -0.0732233 -0.323223 -0.78033
0.53033 -0.0732233 -0.323223 0.78033
0.53033 -0.0732233 0.323223 -0.78033
0.53033 -0.0732233 0.323223 0.78033
0.53033 -0.0732233 0.78033 -0.323223
0.53033 -0.0732233 0.78033 0.323223
0.53033 0.0732233 -0.78033 -0.323223
0.53033 0.0732233 -0.78033 0.323223
0.53033 0.0732233 -0.323223 -0.78033
0.53033 0.0732233 -0.323223 0.78033
0.53033 0.0732233 0.323223 -0.78033
0.53033 0.0732233 0.323223 0.78033
0.53033 0.0732233 0.78033 -0.323223
0.53033 0.0732233 0.78033 0.323223
0.53033 0.176777 -0.78033 -0.28033
0.53033 0.176777 -0.78033 0.28033
0.53033 0.176777 -0.28033 -0.78033
0.53033 0.176777 -0.28033 0.78033
0.53033 0.176777 0.28033 -0.78033
0.53033 0.176777 0.28033 0.78033
0.53033 0.176777 0.78033 -0.28033
0.53033 0.176777 0.78033 0.28033
0.53033 0.28033 -0.78033 -0.176777
0.53033 0.28033 -0.78033 0.176777
0.53033 0.28033 -0.676777 -0.426777
0.53033 0.28033 -0.676777 0.426777
0.53033 0.28033 -0.426777 -0.676777
0.53033 0.28033 -0.426777 0.676777
0.53033 0.28033 -0.176777 -0.78033
0.53033 0.28033 -0.176777 0.78033
0.53033 0.28033 0.176777 -0.78033
0.53033 0.28033 0.176777 0.78033
0.53033 0.28033 0.426777 -0.676777
0.53033 0.28033 0.426777 0.676777
0.53033 0.28033 0.676777 -0.426777
0.53033 0.28033 0.676777 0.426777
0.53033 0.28033 0.78033 -0.176777
0.53033 0.28033 0.78033 0.176777
0.53033 0.323223 -0.78033 -0.0732233
0.53033 0.323223 -0.78033 0.0732233
0.53033 0.323223 -0.0732233 -0.78033
0.53033 0.323223 -0.0732233 0.78033
0.53033 0.323223 0.0732233 -0.78033
0.53033 0.323223 0.0732233 0.78033
0.53033 0.323223 0.78033 -0.0732233
0.53033 0.323223 0.78033 0.0732233
0.53033 0.426777 -0.676777 -0.28033
0.53033 0.426777 -0.676777 0.28033
0.53033 0.426777 -0.28033 -0.676777
0.53033 0.426777 -0.28033 0.676777
0.53033 0.426777 0.28033 -0.676777
0.53033 0.426777 0.28033 0.676777
0.53033 0.426777 0.676777 -0.28033
0.53033 0.426777 0.676777 0.28033
0.53033 0.676777 -0.426777 -0.28033
0.53033 0.676777 -0.426777 0.28033
0.53033 0.676777 -0.28033 -0.426777
0.53033 0.676777 -0.28033 0.426777
0.53033 0.676777 0.28033 -0.426777
0.53033 0.676777 0.28033 0.426777
0.53033 0.676777 0.426777 -0.28033
0.53033 0.676777 0.426777 0.28033
0.53033 0.78033 -0.323223 -0.0732233
0.53033 0.78033 -0.323223 0.0732233
0.53033 0.78033 -0.28033 -0.176777
0.53033 0.78033 -0.28033 0.176777
0.53033 0.78033 -0.176777 -0.28033
0.53033 0.78033 -0.176777 0.28033
0.53033 0.78033 -0.0732233 -0.323223
0.53033 0.78033 -0.0732233 0.323223
0.53033 0.78033 0.0732233 -0.323223
0.53033 0.78033 0.0732233 0.323223
0.53033 0.78033 0.176777 -0.28033
0.53033 0.78033 0.176777 0.28033
0.53033 0.78033 0.28033 -0.176777
0.53033 0.78033 0.28033 0.176777
0.53033 0.78033 0.323223 -0.0732233
0.53033 0.78033 0.323223 0.0732233
0.573223 -0.78033 -0.176777 -0.176777
0.573223 -0.78033 -0.176777 0.176777
0.573223 -0.78033 0.176777 -0.176777
0.573223 -0.78033 0.176777 0.176777
0.573223 -0.676777 -0.426777 -0.176777
0.573223 -0.676777 -0.426777 0.176777
0.573223 -0.676777 -0.176777 -0.426777
0.573223 -0.676777 -0.176777 0.426777
0.573223 -0.676777 0.176777 -0.426777
0.573223 -0.676777 0.176777 0.426777
0.573223 -0.676777 0.426777 -0.176777
0.573223 -0.676777 0.426777 0.176777
0.573223 -0.426777 -0.676777 -0.176777
0.573223 -0.426777 -0.676777 0.176777
0.573223 -0.426777 -0.176777 -0.676777
0.573223 -0.426777 -0.176777 0.676777
0.573223 -0.426777 0.176777 -0.676777
0.573223 -0.426777 0.176777 0.676777
0.573223 -0.426777 0.676777 -0.176777
0.573223 -0.426777 0.676777 0.176777
0.573223 -0.176777 -0.78033 -0.176777
0.573223 -0.176777 -0.78033 0.176777
0.573223 -0.176777 -0.676777 -0.426777
0.573223 -0.176777 -0.676777 0.426777
0.573223 -0.176777 -0.426777 -0.676777
0.573223 -0.176777 -0.426777 0.676777
0.573223 -0.176777 -0.176777 -0.78033
0.573223 -0.176777 -0.176777 0.78033
0.573223 -0.176777 0.176777 -0.78033
0.573223 -0.176777 0.176777 0.78033
0.573223 -0.176777 0.426777 -0.676777
0.573223 -0.176777 0.426777 0.676777
0.573223 -0.176777 0.676777 -0.426777
0.573223 -0.176777 0.676777 0.426777
0.573223 -0.176777 0.78033 -0.176777
0.573223 -0.176777 0.78033 0.176777
0.573223 0.176777 -0.78033 -0.176777
0.573223 0.176777 -0.78033 0.176777
0.573223 0.176777 -0.676777 -0.426777
0.573223 0.176777 -0.676777 0.426777
0.573223 0.176777 -0.426777 -0.676777
0.573223 0.176777 -0.426777 0.676777
0.573223 0.176777 -0.176777 -0.78033
0.573223 0.176777 -0.176777 0.78033
0.573223 0.176777 0.176777 -0.78033
0.573223 0.176777 0.176777 0.78033
0.573223 0.176777 0.426777 -0.676777
0.573223 0.176777 0.426777 0.676777
0.573223 0.176777 0.676777 -0.426777
0.573223 0.176777 0.676777 0.426777
0.573223 0.176777 0.78033 -0.176777
0.573223 0.176777 0.78033 0.176777
0.573223 0.426777 -0.676777 -0.176777
0.573223 0.426777 -0.676777 0.176777
0.573223 0.426777 -0.176777 -0.676777
0.573223 0.426777 -0.176777 0.676777
0.573223 0.426777 0.176777 -0.676777
0.573223 0.426777 0.176777 0.676777
0.573223 0.426777 0.676777 -0.176777
0.573223 0.426777 0.676777 0.176777
0.573223 0.676777 -0.426777 -0.176777
0.573223 0.676777 -0.426777 0.176777
0.573223 0.676777 -0.176777 -0.426777
0.573223 0.676777 -0.176777 0.426777
0.573223 0.676777 0.176777 -0.426777
0.573223 0.676777 0.176777 0.426777
0.573223 0.676777 0.426777 -0.176777
0.573223 0.676777 0.426777 0.176777
0.573223 0.78033 -0.176777 -0.176777
0.573223 0.78033 -0.176777 0.176777
0.573223 0.78033 0.176777 -0.176777
0.573223 0.78033 0.176777 0.176777
0.603553 -0.707107 -0.353553 -0.103553
0.603553 -0.707107 -0.353553 0.103553
0.603553 -0.707107 -0.103553 -0.353553
0.603553 -0.707107 -0.103553 0.353553
0.603553 -0.707107 0.103553 -0.353553
0.603553 -0.707107 0.103553 0.353553
0.603553 -0.707107 0.353553 -0.103553
0.603553 -0.707107 0.353553 0.103553
0.603553 -0.603553 -0.5 -0.146447
0.603553 -0.603553 -0.5 0.146447
0.603553 -0.603553 -0.146447 -0.5
0.603553 -0.603553 -0.146447 0.5
0.603553 -0.603553 0.146447 -0.5
0.603553 -0.603553 0.146447 0.5
0.603553 -0.603553 0.5 -0.146447
0.603553 -0.603553 0.5 0.146447
0.603553 -0.5 -0.603553 -0.146447
0.603553 -0.5 -0.603553 0.146447
0.603553 -0.5 -0.146447 -0.603553
0.603553 -0.5 -0.146447 0.603553
0.603553 -0.5 0.146447 -0.603553
0.603553 -0.5 0.146447 0.603553
0.603553 -0.5 0.603553 -0.146447
0.603553 -0.5 0.603553 0.146447
0.603553 -0.353553 -0.707107 -0.103553
0.603553 -0.353553 -0.707107 0.103553
0.603553 -0.353553 -0.103553 -0.707107
0.603553 -0.353553 -0.103553 0.707107
0.603553 -0.353553 0.103553 -0.707107
0.603553 -0.353553 0.103553 0.707107
0.603553 -0.353553 0.707107 -0.103553
0.603553 -0.353553 0.707107 0.103553
0.603553 -0.146447 -0.603553 -0.5
0.603553 -0.146447 -0.603553 0.5
0.603553 -0.146447 -0.5 -0.603553
0.603553 -0.146447 -0.5 0.603553
0.603553 -0.146447 0.5 -0.603553
0.603553 -0.146447 0.5 0.603553
0.603553 -0.146447 0.603553 -0.5
0.603553 -0.146447 0.603553 0.5
0.603553 -0.103553 -0.707107 -0.353553
0.603553 -0.103553 -0.707107 0.353553
0.603553 -0.103553 -0.353553 -0.707107
0.603553 -0.103553 -0.353553 0.707107
0.603553 -0.103553 0.353553 -0.707107
0.603553 -0.103553 0.353553 0.707107
0.603553 -0.103553 0.707107 -0.353553
0.603553 -0.103553 0.707107 0.353553
0.603553 0.103553 -0.707107 -0.353553
0.603553 0.103553 -0.707107 0.353553
0.603553 0.103553 -0.353553 -0.707107
0.603553 0.103553 -0.353553 0.707107
0.603553 0.103553 0.353553 -0.707107
0.603553 0.103553 0.353553 0.707107
0.603553 0.103553 0.707107 -0.353553
0.603553 0.103553 0.707107 0.353553
0.603553 0.146447 -0.603553 -0.5
0.603553 0.146447 -0.603553 0.5
0.603553 0.146447 -0.5 -0.603553
0.603553 0.146447 -0.5 0.603553
0.603553 0.146447 0.5 -0.603553
0.603553 0.146447 0.5 0.603553
0.603553 0.146447 0.603553 -0.5
0.603553 0.146447 0.603553 0.5
0.603553 0.353553 -0.707107 -0.103553
0.603553 0.353553 -0.707107 0.103553
0.603553 0.353553 -0.103553 -0.707107
0.603553 0.353553 -0.103553 0.707107
0.603553 0.353553 0.103553 -0.707107
0.603553 0.353553 0.103553 0.707107
0.603553 0.353553 0.707107 -0.103553
0.603553 0.353553 0.707107 0.103553
0.603553 0.5 -0.603553 -0.146447
0.603553 0.5 -0.603553 0.146447
0.603553 0.5 -0.146447 -0.603553
0.603553 0.5 -0.146447 0.603553
0.603553 0.5 0.146447 -0.603553
0.603553 0.5 0.146447 0.603553
0.603553 0.5 0.603553 -0.146447
0.603553 0.5 0.603553 0.146447
0.603553 0.603553 -0.5 -0.146447
0.603553 0.603553 -0.5 0.146447
0.603553 0.603553 -0.146447 -0.5
0.603553 0.603553 -0.146447 0.5
0.603553 0.603553 0.146447 -0.5
0.603553 0.603553 0.146447 0.5
0.603553 0.603553 0.5 -0.146447
0.603553 0.603553 0.5 0.146447
0.603553 0.707107 -0.353553 -0.103553
0.603553 0.707107 -0.353553 0.103553
0.603553 0.707107 -0.103553 -0.353553
0.603553 0.707107 -0.103553 0.353553
0.603553 0.707107 0.103553 -0.353553
0.603553 0.707107 0.103553 0.353553
0.603553 0.707107 0.353553 -0.103553
0.603553 0.707107 0.353553 0.103553
0.676777 -0.676777 -0.28033 -0.0732233
0.676777 -0.676777 -0.28033 0.0732233
0.676777 -0.676777 -0.0732233 -0.28033
0.676777 -0.676777 -0.0732233 0.28033
0.676777 -0.676777 0.0732233 -0.28033
0.676777 -0.676777 0.0732233 0.28033
0.676777 -0.676777 0.28033 -0.0732233
0.676777 -0.676777 0.28033 0.0732233
0.676777 -0.573223 -0.426777 -0.176777
0.676777 -0.573223 -0.426777 0.176777
0.676777 -0.573223 -0.176777 -0.426777
0.676777 -0.573223 -0.176777 0.426777
0.676777 -0.573223 0.176777 -0.426777
0.676777 -0.573223 0.176777 0.426777
0.676777 -0.573223 0.426777 -0.176777
0.676777 -0.573223 0.426777 0.176777
0.676777 -0.53033 -0.426777 -0.28033
0.676777 -0.53033 -0.426777 0.28033
0.676777 -0.53033 -0.28033 -0.426777
0.676777 -0.53033 -0.28033 0.426777
0.676777 -0.53033 0.28033 -0.426777
0.676777 -0.53033 0.28033 0.426777
0.676777 -0.53033 0.426777 -0.28033
0.676777 -0.53033 0.426777 0.28033
0.676777 -0.426777 -0.573223 -0.176777
0.676777 -0.426777 -0.573223 0.176777
0.676777 -0.426777 -0.53033 -0.28033
0.676777 -0.426777 -0.53033 0.28033
0.676777 -0.426777 -0.28033 -0.53033
0.676777 -0.426777 -0.28033 0.53033
0.676777 -0.426777 -0.176777 -0.573223
0.676777 -0.426777 -0.176777 0.573223
0.676777 -0.426777 0.176777 -0.573223
0.676777 -0.426777 0.176777 0.573223
0.676777 -0.426777 0.28033 -0.53033
0.676777 -0.426777 0.28033 0.53033
0.676777 -0.426777 0.53033 -0.28033
0.676777 -0.426777 0.53033 0.28033
0.676777 -0.426777 0.573223 -0.176777
0.676777 -0.426777 0.573223 0.176777
0.676777 -0.28033 -0.676777 -0.0732233
0.676777 -0.28033 -0.676777 0.0732233
0.676777 -0.28033 -0.53033 -0.426777
0.676777 -0.28033 -0.53033 0.426777
0.676777 -0.28033 -0.426777 -0.53033
0.676777 -0.28033 -0.426777 0.53033
0.676777 -0.28033 -0.0732233 -0.676777
0.676777 -0.28033 -0.0732233 0.676777
0.676777 -0.28033 0.0732233 -0.676777
0.676777 -0.28033 0.0732233 0.676777
0.676777 -0.28033 0.426777 -0.53033
0.676777 -0.28033 0.426777 0.53033
0.676777 -0.28033 0.53033 -0.426777
0.676777 -0.28033 0.53033 0.426777
0.676777 -0.28033 0.676777 -0.0732233
0.676777 -0.28033 0.676777 0.0732233
0.676777 -0.176777 -0.573223 -0.426777
0.676777 -0.176777 -0.573223 0.426777
0.676777 -0.176777 -0.426777 -0.573223
0.676777 -0.176777 -0.426777 0.573223
0.676777 -0.176777 0.426777 -0.573223
0.676777 -0.176777 0.426777 0.573223
0.676777 -0.176777 0.573223 -0.426777
0.676777 -0.176777 0.573223 0.426777
0.676777 -0.0732233 -0.676777 -0.28033
0.676777 -0.0732233 -0.676777 0.28033
0.676777 -0.0732233 -0.28033 -0.676777
0.676777 -0.0732233 -0.28033 0.676777
0.676777 -0.0732233 0.28033 -0.676777
0.676777 -0.0732233 0.28033 0.676777
0.676777 -0.0732233 0.676777 -0.28033
0.676777 -0.0732233 0.676777 0.28033
0.676777 0.0732233 -0.676777 -0.28033
0.676777 0.0732233 -0.676777 0.28033
0.676777 0.0732233 -0.28033 -0.676777
0.676777 0.0732233 -0.28033 0.676777
0.676777 0.0732233 0.28033 -0.676777
0.676777 0.0732233 0.28033 0.676777
0.676777 0.0732233 0.676777 -0.28033
0.676777 0.0732233 0.676777 0.28033
0.676777 0.176777 -0.573223 -0.426777
0.676777 0.176777 -0.573223 0.426777
0.676777 0.176777 -0.426777 -0.573223
0.676777 0.176777 -0.426777 0.573223
0.676777 0.176777 0.426777 -0.573223
0.676777 0.176777 0.426777 0.573223
0.676777 0.176777 0.573223 -0.426777
0.676777 0.176777 0.573223 0.426777
0.676777 0.28033 -0.676777 -0.0732233
0.676777 0.28033 -0.676777 0.0732233
0.676777 0.28033 -0.53033 -0.426777
0.676777 0.28033 -0.53033 0.426777
0.676777 0.28033 -0.426777 -0.53033
0.676777 0.28033 -0.426777 0.53033
0.676777 0.28033 -0.0732233 -0.676777
0.676777 0.28033 -0.0732233 0.676777
0.676777 0.28033 0.0732233 -0.676777
0.676777 0.28033 0.0732233 0.676777
0.676777 0.28033 0.426777 -0.53033
0.676777 0.28033 0.426777 0.53033
0.676777 0.28033 0.53033 -0.426777
0.676777 0.28033 0.53033 0.426777
0.676777 0.28033 0.676777 -0.0732233
0.676777 0.28033 0.676777 0.0732233
0.676777 0.426777 -0.573223 -0.176777
0.676777 0.426777 -0.573223 0.176777
0.676777 0.426777 -0.53033 -0.28033
0.676777 0.426777 -0.53033 0.28033
0.676777 0.426777 -0.28033 -0.53033
0.676777 0.426777 -0.28033 0.53033
0.676777 0.426777 -0.176777 -0.573223
0.676777 0.426777 -0.176777 0.573223
0.676777 0.426777 0.176777 -0.573223
0.676777 0.426777 0.176777 0.573223
0.676777 0.426777 0.28033 -0.53033
0.676777 0.426777 0.28033 0.53033
0.676777 0.426777 0.53033 -0.28033
0.676777 0.426777 0.53033 0.28033
0.676777 0.426777 0.573223 -0.176777
0.676777 0.426777 0.573223 0.176777
0.676777 0.53033 -0.426777 -0.28033
0.676777 0.53033 -0.426777 0.28033
0.676777 0.53033 -0.28033 -0.426777
0.676777 0.53033 -0.28033 0.426777
0.676777 0.53033 0.28033 -0.426777
0.676777 0.53033 0.28033 0.426777
0.676777 0.53033 0.426777 -0.28033
0.676777 0.53033 0.426777 0.28033
0.676777 0.573223 -0.426777 -0.176777
0.676777 0.573223 -0.426777 0.176777
0.676777 0.573223 -0.176777 -0.426777
0.676777 0.573223 -0.176777 0.426777
0.676777 0.573223 0.176777 -0.426777
0.676777 0.573223 0.176777 0.426777
0.676777 0.573223 0.426777 -0.176777
0.676777 0.573223 0.426777 0.176777
0.676777 0.676777 -0.28033 -0.0732233
0.676777 0.676777 -0.28033 0.0732233
0.676777 0.676777 -0.0732233 -0.28033
0.676777 0.676777 -0.0732233 0.28033
0.676777 0.676777 0.0732233 -0.28033
0.676777 0.676777 0.0732233 0.28033
0.676777 0.676777 0.28033 -0.0732233
0.676777 0.676777 0.28033 0.0732233
0.707107 -0.603553 -0.353553 -0.103553
0.707107 -0.603553 -0.353553 0.103553
0.707107 -0.603553 -0.103553 -0.353553
0.707107 -0.603553 -0.103553 0.353553
0.707107 -0.603553 0.103553 -0.353553
0.707107 -0.603553 0.103553 0.353553
0.707107 -0.603553 0.353553 -0.103553
0.707107 -0.603553 0.353553 0.103553
0.707107 -0.353553 -0.603553 -0.103553
0.707107 -0.353553 -0.603553 0.103553
0.707107 -0.353553 -0.103553 -0.603553
0.707107 -0.353553 -0.103553 0.603553
0.707107 -0.353553 0.103553 -0.603553
0.707107 -0.353553 0.103553 0.603553
0.707107 -0.353553 0.603553 -0.103553
0.707107 -0.353553 0.603553 0.103553
0.707107 -0.103553 -0.603553 -0.353553
0.707107 -0.103553 -0.603553 0.353553
0.707107 -0.103553 -0.353553 -0.603553
0.707107 -0.103553 -0.353553 0.603553
0.707107 -0.103553 0.353553 -0.603553
0.707107 -0.103553 0.353553 0.603553
0.707107 -0.103553 0.603553 -0.353553
0.707107 -0.103553 0.603553 0.353553
0.707107 0.103553 -0.603553 -0.353553
0.707107 0.103553 -0.603553 0.353553
0.707107 0.103553 -0.353553 -0.603553
0.707107 0.103553 -0.353553 0.603553
0.707107 0.103553 0.353553 -0.603553
0.707107 0.103553 0.353553 0.603553
0.707107 0.103553 0.603553 -0.353553
0.707107 0.103553 0.603553 0.353553
0.707107 0.353553 -0.603553 -0.103553
0.707107 0.353553 -0.603553 0.103553
0.707107 0.353553 -0.103553 -0.603553
0.707107 0.353553 -0.103553 0.603553
0.707107 0.353553 0.103553 -0.603553
0.707107 0.353553 0.103553 0.603553
0.707107 0.353553 0.603553 -0.103553
0.707107 0.353553 0.603553 0.103553
0.707107 0.603553 -0.353553 -0.103553
0.707107 0.603553 -0.353553 0.103553
0.707107 0.603553 -0.103553 -0.353553
0.707107 0.603553 -0.103553 0.353553
0.707107 0.603553 0.103553 -0.353553
0.707107 0.603553 0.103553 0.353553
0.707107 0.603553 0.353553 -0.103553
0.707107 0.603553 0.353553 0.103553
0.75 -0.5 -0.353553 -0.25
0.75 -0.5 -0.353553 0.25
0.75 -0.5 -0.25 -0.353553
0.75 -0.5 -0.25 0.353553
0.75 -0.5 0.25 -0.353553
0.75 -0.5 0.25 0.353553
0.75 -0.5 0.353553 -0.25
0.75 -0.5 0.353553 0.25
0.75 -0.353553 -0.5 -0.25
0.75 -0.353553 -0.5 0.25
0.75 -0.353553 -0.25 -0.5
0.75 -0.353553 -0.25 0.5
0.75 -0.353553 0.25 -0.5
0.75 -0.353553 0.25 0.5
0.75 -0.353553 0.5 -0.25
0.75 -0.353553 0.5 0.25
0.75 -0.25 -0.5 -0.353553
0.75 -0.25 -0.5 0.353553
0.75 -0.25 -0.353553 -0.5
0.75 -0.25 -0.353553 0.5
0.75 -0.25 0.353553 -0.5
0.75 -0.25 0.353553 0.5
0.75 -0.25 0.5 -0.353553
0.75 -0.25 0.5 0.353553
0.75 0.25 -0.5 -0.353553
0.75 0.25 -0.5 0.353553
0.75 0.25 -0.353553 -0.5
0.75 0.25 -0.353553 0.5
0.75 0.25 0.353553 -0.5
0.75 0.25 0.353553 0.5
0.75 0.25 0.5 -0.353553
0.75 0.25 0.5 0.353553
0.75 0.353553 -0.5 -0.25
0.75 0.353553 -0.5 0.25
0.75 0.353553 -0.25 -0.5
0.75 0.353553 -0.25 0.5
0.75 0.353553 0.25 -0.5
0.75 0.353553 0.25 0.5
0.75 0.353553 0.5 -0.25
0.75 0.353553 0.5 0.25
0.75 0.5 -0.353553 -0.25
0.75 0.5 -0.353553 0.25
0.75 0.5 -0.25 -0.353553
0.75 0.5 -0.25 0.353553
0.75 0.5 0.25 -0.353553
0.75 0.5 0.25 0.353553
0.75 0.5 0.353553 -0.25
0.75 0.5 0.353553 0.25
0.78033 -0.573223 -0.176777 -0.176777
0.78033 -0.573223 -0.176777 0.176777
0.78033 -0.573223 0.176777 -0.176777
0.78033 -0.573223 0.176777 0.176777
0.78033 -0.53033 -0.323223 -0.0732233
0.78033 -0.53033 -0.323223 0.0732233
0.78033 -0.53033 -0.28033 -0.176777
0.78033 -0.53033 -0.28033 0.176777
0.78033 -0.53033 -0.176777 -0.28033
0.78033 -0.53033 -0.176777 0.28033
0.78033 -0.53033 -0.0732233 -0.323223
0.78033 -0.53033 -0.0732233 0.323223
0.78033 -0.53033 0.0732233 -0.323223
0.78033 -0.53033 0.0732233 0.323223
0.78033 -0.53033 0.176777 -0.28033
0.78033 -0.53033 0.176777 0.28033
0.78033 -0.53033 0.28033 -0.176777
0.78033 -0.53033 0.28033 0.176777
0.78033 -0.53033 0.323223 -0.0732233
0.78033 -0.53033 0.323223 0.0732233
0.78033 -0.426777 -0.323223 -0.323223
0.78033 -0.426777 -0.323223 0.323223
0.78033 -0.426777 0.323223 -0.323223
0.78033 -0.426777 0.323223 0.323223
0.78033 -0.323223 -0.53033 -0.0732233
0.78033 -0.323223 -0.53033 0.0732233
0.78033 -0.323223 -0.426777 -0.323223
0.78033 -0.323223 -0.426777 0.323223
0.78033 -0.323223 -0.323223 -0.426777
0.78033 -0.323223 -0.323223 0.426777
0.78033 -0.323223 -0.0732233 -0.53033
0.78033 -0.323223 -0.0732233 0.53033
0.78033 -0.323223 0.0732233 -0.53033
0.78033 -0.323223 0.0732233 0.53033
0.78033 -0.323223 0.323223 -0.426777
0.78033 -0.323223 0.323223 0.426777
0.78033 -0.323223 0.426777 -0.323223
0.78033 -0.323223 0.426777 0.323223
0.78033 -0.323223 0.53033 -0.0732233
0.78033 -0.323223 0.53033 0.0732233
0.78033 -0.28033 -0.53033 -0.176777
0.78033 -0.28033 -0.53033 0.176777
0.78033 -0.28033 -0.176777 -0.53033
0.78033 -0.28033 -0.176777 0.53033
0.78033 -0.28033 0.176777 -0.53033
0.78033 -0.28033 0.176777 0.53033
0.78033 -0.28033 0.53033 -0.176777
0.78033 -0.28033 0.53033 0.176777
0.78033 -0.176777 -0.573223 -0.176777
0.78033 -0.176777 -0.573223 0.176777
0.78033 -0.176777 -0.53033 -0.28033
0.78033 -0.176777 -0.53033 0.28033
0.78033 -0.176777 -0.28033 -0.53033
0.78033 -0.176777 -0.28033 0.53033
0.78033 -0.176777 -0.176777 -0.573223
0.78033 -0.176777 -0.176777 0.573223
0.78033 -0.176777 0.176777 -0.573223
0.78033 -0.176777 0.176777 0.573223
0.78033 -0.176777 0.28033 -0.53033
0.78033 -0.176777 0.28033 0.53033
0.78033 -0.176777 0.53033 -0.28033
0.78033 -0.176777 0.53033 0.28033
0.78033 -0.176777 0.573223 -0.176777
0.78033 -0.176777 0.573223 0.176777
0.78033 -0.0732233 -0.53033 -0.323223
0.78033 -0.0732233 -0.53033 0.323223
0.78033 -0.0732233 -0.323223 -0.53033
0.78033 -0.0732233 -0.323223 0.53033
0.78033 -0.0732233 0.323223 -0.53033
0.78033 -0.0732233 0.323223 0.53033
0.78033 -0.0732233 0.53033 -0.323223
0.78033 -0.0732233 0.53033 0.323223
0.78033 0.0732233 -0.53033 -0.323223
0.78033 0.0732233 -0.53033 0.323223
0.78033 0.0732233 -0.323223 -0.53033
0.78033 0.0732233 -0.323223 0.53033
0.78033 0.0732233 0.323223 -0.53033
0.78033 0.0732233 0.323223 0.53033
0.78033 0.0732233 0.53033 -0.323223
0.78033 0.0732233 0.53033 0.323223
0.78033 0.176777 -0.573223 -0.176777
0.78033 0.176777 -0.573223 0.176777
0.78033 0.176777 -0.53033 -0.28033
0.78033 0.176777 -0.53033 0.28033
0.78033 0.176777 -0.28033 -0.53033
0.78033 0.176777 -0.28033 0.53033
0.78033 0.176777 -0.176777 -0.573223
0.78033 0.176777 -0.176777 0.573223
0.78033 0.176777 0.176777 -0.573223
0.78033 0.176777 0.176777 0.573223
0.78033 0.176777 0.28033 -0.53033
0.78033 0.176777 0.28033 0.53033
0.78033 0.176777 0.53033 -0.28033
0.78033 0.176777 0.53033 0.28033
0.78033 0.176777 0.573223 -0.176777
0.78033 0.176777 0.573223 0.176777
0.78033 0.28033 -0.53033 -0.176777
0.78033 0.28033 -0.53033 0.176777
0.78033 0.28033 -0.176777 -0.53033
0.78033 0.28033 -0.176777 0.53033
0.78033 0.28033 0.176777 -0.53033
0.78033 0.28033 0.176777 0.53033
0.78033 0.28033 0.53033 -0.176777
0.78033 0.28033 0.53033 0.176777
0.78033 0.323223 -0.53033 -0.0732233
0.78033 0.323223 -0.53033 0.0732233
0.78033 0.323223 -0.426777 -0.323223
0.78033 0.323223 -0.426777 0.323223
0.78033 0.323223 -0.323223 -0.426777
0.78033 0.323223 -0.323223 0.426777
0.78033 0.323223 -0.0732233 -0.53033
0.78033 0.323223 -0.0732233 0.53033
0.78033 0.323223 0.0732233 -0.53033
0.78033 0.323223 0.0732233 0.53033
0.78033 0.323223 0.323223 -0.426777
0.78033 0.323223 0.323223 0.426777
0.78033 0.323223 0.426777 -0.323223
0.78033 0.323223 0.426777 0.323223
0.78033 0.323223 0.53033 -0.0732233
0.78033 0.323223 0.53033 0.0732233
0.78033 0.426777 -0.323223 -0.323223
0.78033 0.426777 -0.323223 0.323223
0.78033 0.426777 0.323223 -0.323223
0.78033 0.426777 0.323223 0.323223
0.78033 0.53033 -0.323223 -0.0732233
0.78033 0.53033 -0.323223 0.0732233
0.78033 0.53033 -0.28033 -0.176777
0.78033 0.53033 -0.28033 0.176777
0.78033 0.53033 -0.176777 -0.28033
0.78033 0.53033 -0.176777 0.28033
0.78033 0.53033 -0.0732233 -0.323223
0.78033 0.53033 -0.0732233 0.323223
0.78033 0.53033 0.0732233 -0.323223
0.78033 0.53033 0.0732233 0.323223
0.78033 0.53033 0.176777 -0.28033
0.78033 0.53033 0.176777 0.28033
0.78033 0.53033 0.28033 -0.176777
0.78033 0.53033 0.28033 0.176777
0.78033 0.53033 0.323223 -0.0732233
0.78033 0.53033 0.323223 0.0732233
0.78033 0.573223 -0.176777 -0.176777
0.78033 0.573223 -0.176777 0.176777
0.78033 0.573223 0.176777 -0.176777
0.78033 0.573223 0.176777 0.176777
0.853553 -0.5 -0.103553 -0.103553
0.853553 -0.5 -0.103553 0.103553
0.853553 -0.5 0.103553 -0.103553
0.853553 -0.5 0.103553 0.103553
0.853553 -0.457107 -0.25 0
0.853553 -0.457107 0 -0.25
0.853553 -0.457107 1.17757e-16 0.25
0.853553 -0.457107 0.25 0
0.853553 -0.25 -0.457107 1.11022e-16
0.853553 -0.25 -7.85046e-17 -0.457107
0.853553 -0.25 -7.85046e-17 0.457107
0.853553 -0.25 0.457107 1.11022e-16
0.853553 -0.103553 -0.5 -0.103553
0.853553 -0.103553 -0.5 0.103553
0.853553 -0.103553 -0.103553 -0.5
0.853553 -0.103553 -0.103553 0.5
0.853553 -0.103553 0.103553 -0.5
0.853553 -0.103553 0.103553 0.5
0.853553 -0.103553 0.5 -0.103553
0.853553 -0.103553 0.5 0.103553
0.853553 -3.92523e-17 -0.457107 -0.25
0.853553 1.57009e-16 -0.457107 0.25
0.853553 1.17757e-16 -0.25 -0.457107
0.853553 7.85046e-17 -0.25 0.457107
0.853553 0 0.25 -0.457107
0.853553 -3.92523e-17 0.25 0.457107
0.853553 -1.17757e-16 0.457107 -0.25
0.853553 -1.96262e-16 0.457107 0.25
0.853553 0.103553 -0.5 -0.103553
0.853553 0.103553 -0.5 0.103553
0.853553 0.103553 -0.103553 -0.5
0.853553 0.103553 -0.103553 0.5
0.853553 0.103553 0.103553 -0.5
0.853553 0.103553 0.103553 0.5
0.853553 0.103553 0.5 -0.103553
0.853553 0.103553 0.5 0.103553
0.853553 0.25 -0.457107 -1.11022e-16
0.853553 0.25 7.85046e-17 -0.457107
0.853553 0.25 3.92523e-17 0.457107
0.853553 0.25 0.457107 0
0.853553 0.457107 -0.25 -5.55112e-17
0.853553 0.457107 1.96262e-17 -0.25
0.853553 0.457107 -3.92523e-17 0.25
0.853553 0.457107 0.25 0
0.853553 0.5 -0.103553 -0.103553
0.853553 0.5 -0.103553 0.103553
0.853553 0.5 0.103553 -0.103553
0.853553 0.5 0.103553 0.103553
0.883883 -0.426777 -0.176777 -0.0732233
0.883883 -0.426777 -0.176777 0.0732233
0.883883 -0.426777 -0.0732233 -0.176777
0.883883 -0.426777 -0.0732233 0.176777
0.883883 -0.426777 0.0732233 -0.176777
0.883883 -0.426777 0.0732233 0.176777
0.883883 -0.426777 0.176777 -0.0732233
0.883883 -0.426777 0.176777 0.0732233
0.883883 -0.176777 -0.426777 -0.0732233
0.883883 -0.176777 -0.426777 0.0732233
0.883883 -0.176777 -0.0732233 -0.426777
0.883883 -0.176777 -0.0732233 0.426777
0.883883 -0.176777 0.0732233 -0.426777
0.883883 -0.176777 0.0732233 0.426777
0.883883 -0.176777 0.426777 -0.0732233
0.883883 -0.176777 0.426777 0.0732233
0.883883 -0.0732233 -0.426777 -0.176777
0.883883 -0.0732233 -0.426777 0.176777
0.883883 -0.0732233 -0.176777 -0.426777
0.883883 -0.0732233 -0.176777 0.426777
0.883883 -0.0732233 0.176777 -0.426777
0.883883 -0.0732233 0.176777 0.426777
0.883883 -0.0732233 0.426777 -0.176777
0.883883 -0.0732233 0.426777 0.176777
0.883883 0.0732233 -0.426777 -0.176777
0.883883 0.0732233 -0.426777 0.176777
0.883883 0.0732233 -0.176777 -0.426777
0.883883 0.0732233 -0.176777 0.426777
0.883883 0.0732233 0.176777 -0.426777
0.883883 0.0732233 0.176777 0.426777
0.883883 0.0732233 0.426777 -0.176777
0.883883 0.0732233 0.426777 0.176777
0.883883 0.176777 -0.426777 -0.0732233
0.883883 0.176777 -0.426777 0.0732233
0.883883 0.176777 -0.0732233 -0.426777
0.883883 0.176777 -0.0732233 0.426777
0.883883 0.176777 0.0732233 -0.426777
0.883883 0.176777 0.0732233 0.426777
0.883883 0.176777 0.426777 -0.0732233
0.883883 0.176777 0.426777 0.0732233
0.883883 0.426777 -0.176777 -0.0732233
0.883883 0.426777 -0.176777 0.0732233
0.883883 0.426777 -0.0732233 -0.176777
0.883883 0.426777 -0.0732233 0.176777
0.883883 0.426777 0.0732233 -0.176777
0.883883 0.426777 0.0732233 0.176777
0.883883 0.426777 0.176777 -0.0732233
0.883883 0.426777 0.176777 0.0732233
0.926777 -0.323223 -0.176777 -0.0732233
0.926777 -0.323223 -0.176777 0.0732233
0.926777 -0.323223 -0.0732233 -0.176777
0.926777 -0.323223 -0.0732233 0.176777
0.926777 -0.323223 0.0732233 -0.176777
0.926777 -0.323223 0.0732233 0.176777
0.926777 -0.323223 0.176777 -0.0732233
0.926777 -0.323223 0.176777 0.0732233
0.926777 -0.28033 -0.176777 -0.176777
0.926777 -0.28033 -0.176777 0.176777
0.926777 -0.28033 0.176777 -0.176777
0.926777 -0.28033 0.176777 0.176777
0.926777 -0.176777 -0.323223 -0.0732233
0.926777 -0.176777 -0.323223 0.0732233
0.926777 -0.176777 -0.28033 -0.176777
0.926777 -0.176777 -0.28033 0.176777
0.926777 -0.176777 -0.176777 -0.28033
0.926777 -0.176777 -0.176777 0.28033
0.926777 -0.176777 -0.0732233 -0.323223
0.926777 -0.176777 -0.0732233 0.323223
0.926777 -0.176777 0.0732233 -0.323223
0.926777 -0.176777 0.0732233 0.323223
0.926777 -0.176777 0.176777 -0.28033
0.926777 -0.176777 0.176777 0.28033
0.926777 -0.176777 0.28033 -0.176777
0.926777 -0.176777 0.28033 0.176777
0.926777 -0.176777 0.323223 -0.0732233
0.926777 -0.176777 0.323223 0.0732233
0.926777 -0.0732233 -0.323223 -0.176777
0.926777 -0.0732233 -0.323223 0.176777
0.926777 -0.0732233 -0.176777 -0.323223
0.926777 -0.0732233 -0.176777 0.323223
0.926777 -0.0732233 0.176777 -0.323223
0.926777 -0.0732233 0.176777 0.323223
0.926777 -0.0732233 0.323223 -0.176777
0.926777 -0.0732233 0.323223 0.176777
0.926777 0.0732233 -0.323223 -0.176777
0.926777 0.0732233 -0.323223 0.176777
0.926777 0.0732233 -0.176777 -0.323223
0.926777 0.0732233 -0.176777 0.323223
0.926777 0.0732233 0.176777 -0.323223
0.926777 0.0732233 0.176777 0.323223
0.926777 0.0732233 0.323223 -0.176777
0.926777 0.0732233 0.323223 0.176777
0.926777 0.176777 -0.323223 -0.0732233
0.926777 0.176777 -0.323223 0.0732233
0.926777 0.176777 -0.28033 -0.176777
0.926777 0.176777 -0.28033 0.176777
0.926777 0.176777 -0.176777 -0.28033
0.926777 0.176777 -0.176777 0.28033
0.926777 0.176777 -0.0732233 -0.323223
0.926777 0.176777 -0.0732233 0.323223
0.926777 0.176777 0.0732233 -0.323223
0.926777 0.176777 0.0732233 0.323223
0.926777 0.176777 0.176777 -0.28033
0.926777 0.176777 0.176777 0.28033
0.926777 0.176777 0.28033 -0.176777
0.926777 0.176777 0.28033 0.176777
0.926777 0.176777 0.323223 -0.0732233
0.926777 0.176777 0.323223 0.0732233
0.926777 0.28033 -0.176777 -0.176777
0.926777 0.28033 -0.176777 0.176777
0.926777 0.28033 0.176777 -0.176777
0.926777 0.28033 0.176777 0.176777
0.926777 0.323223 -0.176777 -0.0732233
0.926777 0.323223 -0.176777 0.0732233
0.926777 0.323223 -0.0732233 -0.176777
0.926777 0.323223 -0.0732233 0.176777
0.926777 0.323223 0.0732233 -0.176777
0.926777 0.323223 0.0732233 0.176777
0.926777 0.323223 0.176777 -0.0732233
0.926777 0.323223 0.176777 0.0732233
0.957107 -0.25 -0.146447 -1.96262e-17
0.957107 -0.25 2.15888e-16 -0.146447
0.957107 -0.25 -5.88785e-17 0.146447
0.957107 -0.25 0.146447 0
0.957107 -0.146447 -0.25 -1.96262e-17
0.957107 -0.146447 -8.83177e-17 -0.25
0.957107 -0.146447 1.80411e-16 0.25
0.957107 -0.146447 0.25 -7.85046e-17
0.957107 -3.92523e-17 -0.25 -0.146447
0.957107 -0 -0.25 0.146447
0.957107 1.80411e-16 -0.146447 -0.25
0.957107 -1.17757e-16 -0.146447 0.25
0.957107 -1.96262e-17 0.146447 -0.25
0.957107 -0 0.146447 0.25
0.957107 0 0.25 -0.146447
0.957107 2.15888e-16 0.25 0.146447
0.957107 0.146447 -0.25 5.88785e-17
0.957107 0.146447 2.94392e-17 -0.25
0.957107 0.146447 9.02056e-17 0.25
0.957107 0.146447 0.25 1.57009e-16
0.957107 0.25 -0.146447 -7.85046e-17
0.957107 0.25 7.85046e-17 -0.146447
0.957107 0.25 0 0.146447
0.957107 0.25 0.146447 0
