2.77556e-17 -0.92388 -0.382683 2.77556e-17
1.96262e-17 -0.92388 -0.270598 -0.270598
1.96262e-17 -0.92388 -0.270598 0.270598
7.85046e-17 -0.92388 7.85046e-17 -0.382683
7.85046e-17 -0.92388 -7.85046e-17 0.382683
1.37383e-16 -0.92388 0.270598 -0.270598
1.96262e-17 -0.92388 0.270598 0.270598
3.92523e-17 -0.92388 0.382683 0
3.92523e-17 -0.653281 -0.653281 -0.382683
3.92523e-17 -0.653281 -0.653281 0.382683
1.17757e-16 -0.653281 -0.382683 -0.653281
3.92523e-17 -0.653281 0.382683 -0.653281
7.85046e-17 -0.653281 0.382683 0.653281
2.77556e-17 -0.382683 -0.92388 -2.77556e-17
3.92523e-17 -0.382683 -0.653281 -0.653281
3.92523e-17 -0.382683 -0.653281 0.653281
7.85046e-17 -0.382683 -0 -0.92388
7.85046e-17 -0.382683 3.92523e-17 0.92388
3.92523e-17 -0.382683 0.653281 -0.653281
3.92523e-17 -0.382683 0.653281 0.653281
2.77556e-17 -0.382683 0.92388 -2.77556e-17
1.96262e-17 -0.270598 -0.92388 -0.270598
1.96262e-17 -0.270598 -0.92388 0.270598
5.55112e-17 -0.270598 -0.270598 -0.92388
5.55112e-17 -0.270598 -0.270598 0.92388
1.96262e-17 -0.270598 0.92388 -0.270598
1.37383e-16 -0.270598 0.92388 0.270598
3.92523e-17 7.85046e-17 -0.92388 -0.382683
7.85046e-17 7.85046e-17 -0.92388 0.382683
7.85046e-17 -7.85046e-17 -0.382683 -0.92388
1.96262e-17 5.88785e-17 -0.382683 0.92388
0 0.270598 -0.92388 -0.270598
7.85046e-17 0.270598 -0.92388 0.270598
0 0.270598 -0.270598 -0.92388
5.55112e-17 0.270598 -0.270598 0.92388
0 0.270598 0.270598 -0.92388
0 0.270598 0.270598 0.92388
0 0.270598 0.92388 -0.270598
1.96262e-17 0.270598 0.92388 0.270598
0 0.382683 -0.653281 -0.653281
0 0.382683 -0.653281 0.653281
0 0.382683 0.653281 -0.653281
0 0.382683 0.653281 0.653281
3.92523e-17 0.653281 -0.653281 -0.382683
0 0.653281 -0.653281 0.382683
0 0.653281 -0.382683 -0.653281
0 0.653281 -0.382683 0.653281
3.92523e-17 0.653281 0.382683 -0.653281
0 0.653281 0.382683 0.653281
0 0.653281 0.653281 -0.382683
0 0.653281 0.653281 0.382683
1.96262e-17 0.92388 -0.270598 -0.270598
0 0.92388 -0.270598 0.270598
0 0.92388 0.270598 -0.270598
7.85046e-17 0.92388 0.270598 0.270598
0.191342 -0.844623 -0.46194 -0.191342
0.191342 -0.844623 -0.46194 0.191342
0.191342 -0.844623 -0.191342 -0.46194
0.191342 -0.844623 -0.191342 0.46194
0.191342 -0.844623 0.191342 -0.46194
0.191342 -0.844623 0.191342 0.46194
0.191342 -0.844623 0.46194 -0.191342
0.191342 -0.844623 0.46194 0.191342
0.191342 -0.732538 -0.46194 -0.46194
0.191342 -0.732538 -0.46194 0.46194
0.191342 -0.732538 0.46194 -0.46194
0.191342 -0.732538 0.46194 0.46194
0.191342 -0.46194 -0.844623 -0.191342
0.191342 -0.46194 -0.844623 0.191342
0.191342 -0.46194 -0.732538 -0.46194
0.191342 -0.46194 -0.732538 0.46194
0.191342 -0.46194 -0.46194 -0.732538
0.191342 -0.46194 -0.46194 0.732538
0.191342 -0.46194 -0.191342 -0.844623
0.191342 -0.46194 -0.191342 0.844623
0.191342 -0.46194 0.191342 -0.844623
0.191342 -0.46194 0.191342 0.844623
0.191342 -0.46194 0.46194 -0.732538
0.191342 -0.46194 0.46194 0.732538
0.191342 -0.46194 0.732538 -0.46194
0.191342 -0.46194 0.732538 0.46194
0.191342 -0.46194 0.844623 -0.191342
0.191342 -0.46194 0.844623 0.191342
0.191342 -0.191342 -0.844623 -0.46194
0.191342 -0.191342 -0.844623 0.46194
0.191342 -0.191342 -0.46194 -0.844623
0.191342 -0.191342 -0.46194 0.844623
0.191342 -0.191342 0.46194 -0.844623
0.191342 -0.191342 0.46194 0.844623
0.191342 -0.191342 0.844623 -0.46194
0.191342 -0.191342 0.844623 0.46194
0.191342 0.191342 -0.844623 -0.46194
0.191342 0.191342 -0.844623 0.46194
0.191342 0.191342 -0.46194 -0.844623
0.191342 0.191342 -0.46194 0.844623
0.191342 0.191342 0.46194 -0.844623
0.191342 0.191342 0.46194 0.844623
0.191342 0.191342 0.844623 -0.46194
0.191342 0.191342 0.844623 0.46194
0.191342 0.46194 -0.844623 -0.191342
0.191342 0.46194 -0.844623 0.191342
0.191342 0.46194 -0.732538 -0.46194
0.191342 0.46194 -0.732538 0.46194
0.191342 0.46194 -0.46194 -0.732538
0.191342 0.46194 -0.46194 0.732538
0.191342 0.46194 -0.191342 -0.844623
0.191342 0.46194 -0.191342 0.844623
0.191342 0.46194 0.191342 -0.844623
0.191342 0.46194 0.191342 0.844623
0.191342 0.46194 0.46194 -0.732538
0.191342 0.46194 0.46194 0.732538
0.191342 0.46194 0.732538 -0.46194
0.191342 0.46194 0.732538 0.46194
0.191342 0.46194 0.844623 -0.191342
0.191342 0.46194 0.844623 0.191342
0.191342 0.732538 -0.46194 -0.46194
0.191342 0.732538 -0.46194 0.46194
0.191342 0.732538 0.46194 -0.46194
0.191342 0.732538 0.46194 0.46194
0.191342 0.844623 -0.46194 -0.191342
0.191342 0.844623 -0.46194 0.191342
0.191342 0.844623 -0.191342 -0.46194
0.191342 0.844623 -0.191342 0.46194
0.191342 0.844623 0.191342 -0.46194
0.191342 0.844623 0.191342 0.46194
0.191342 0.844623 0.46194 -0.191342
0.191342 0.844623 0.46194 0.191342
0.270598 -0.92388 -0.270598 1.96262e-17
0.270598 -0.92388 0 -0.270598
0.270598 -0.92388 5.55112e-17 0.270598
0.270598 -0.92388 0.270598 0
0.270598 -0.270598 -0.92388 -0
0.270598 -0.270598 1.96262e-17 -0.92388
0.270598 -0.270598 -7.85046e-17 0.92388
0.270598 -0.270598 0.92388 -1.96262e-17
0.270598 5.55112e-17 -0.92388 -0.270598
0.270598 0 -0.92388 0.270598
0.270598 -0 -0.270598 -0.92388
0.270598 0 -0.270598 0.92388
0.270598 1.96262e-17 0.270598 -0.92388
0.270598 1.96262e-17 0.270598 0.92388
0.270598 5.55112e-17 0.92388 -0.270598
0.270598 -5.55112e-17 0.92388 0.270598
0.270598 0.270598 -0.92388 -7.85046e-17
0.270598 0.270598 0 -0.92388
0.270598 0.270598 1.96262e-17 0.92388
0.270598 0.270598 0.92388 1.96262e-17
0.270598 0.92388 -0.270598 1.96262e-17
0.270598 0.92388 5.55112e-17 -0.270598
0.270598 0.92388 5.55112e-17 0.270598
0.270598 0.92388 0.270598 0
0.382683 -0.653281 -0.653281 0
0.382683 -0.653281 -7.85046e-17 -0.653281
0.382683 -0.653281 1.17757e-16 0.653281
0.382683 -0.653281 0.653281 -3.92523e-17
0.382683 3.92523e-17 -0.653281 -0.653281
0.382683 -0 -0.653281 0.653281
0.382683 3.92523e-17 0.653281 -0.653281
0.382683 3.92523e-17 0.653281 0.653281
0.382683 0.653281 -0.653281 3.92523e-17
0.382683 0.653281 -3.92523e-17 -0.653281
0.382683 0.653281 -3.92523e-17 0.653281
0.382683 0.653281 0.653281 3.92523e-17
0.46194 -0.844623 -0.191342 -0.191342
0.46194 -0.844623 -0.191342 0.191342
0.46194 -0.844623 0.191342 -0.191342
0.46194 -0.844623 0.191342 0.191342
0.46194 -0.732538 -0.46194 -0.191342
0.46194 -0.732538 -0.46194 0.191342
0.46194 -0.732538 -0.191342 -0.46194
0.46194 -0.732538 -0.191342 0.46194
0.46194 -0.732538 0.191342 -0.46194
0.46194 -0.732538 0.191342 0.46194
0.46194 -0.732538 0.46194 -0.191342
0.46194 -0.732538 0.46194 0.191342
0.46194 -0.46194 -0.732538 -0.191342
0.46194 -0.46194 -0.732538 0.191342
0.46194 -0.46194 -0.191342 -0.732538
0.46194 -0.46194 -0.191342 0.732538
0.46194 -0.46194 0.191342 -0.732538
0.46194 -0.46194 0.191342 0.732538
0.46194 -0.46194 0.732538 -0.191342
0.46194 -0.46194 0.732538 0.191342
0.46194 -0.191342 -0.844623 -0.191342
0.46194 -0.191342 -0.844623 0.191342
0.46194 -0.191342 -0.732538 -0.46194
0.46194 -0.191342 -0.732538 0.46194
0.46194 -0.191342 -0.46194 -0.732538
0.46194 -0.191342 -0.46194 0.732538
0.46194 -0.191342 -0.191342 -0.844623
0.46194 -0.191342 -0.191342 0.844623
0.46194 -0.191342 0.191342 -0.844623
0.46194 -0.191342 0.191342 0.844623
0.46194 -0.191342 0.46194 -0.732538
0.46194 -0.191342 0.46194 0.732538
0.46194 -0.191342 0.732538 -0.46194
0.46194 -0.191342 0.732538 0.46194
0.46194 -0.191342 0.844623 -0.191342
0.46194 -0.191342 0.844623 0.191342
0.46194 0.191342 -0.844623 -0.191342
0.46194 0.191342 -0.844623 0.191342
0.46194 0.191342 -0.732538 -0.46194
0.46194 0.191342 -0.732538 0.46194
0.46194 0.191342 -0.46194 -0.732538
0.46194 0.191342 -0.46194 0.732538
0.46194 0.191342 -0.191342 -0.844623
0.46194 0.191342 -0.191342 0.844623
0.46194 0.191342 0.191342 -0.844623
0.46194 0.191342 0.191342 0.844623
0.46194 0.191342 0.46194 -0.732538
0.46194 0.191342 0.46194 0.732538
0.46194 0.191342 0.732538 -0.46194
0.46194 0.191342 0.732538 0.46194
0.46194 0.191342 0.844623 -0.191342
0.46194 0.191342 0.844623 0.191342
0.46194 0.46194 -0.732538 -0.191342
0.46194 0.46194 -0.732538 0.191342
0.46194 0.46194 -0.191342 -0.732538
0.46194 0.46194 -0.191342 0.732538
0.46194 0.46194 0.191342 -0.732538
0.46194 0.46194 0.191342 0.732538
0.46194 0.46194 0.732538 -0.191342
0.46194 0.46194 0.732538 0.191342
0.46194 0.732538 -0.46194 -0.191342
0.46194 0.732538 -0.46194 0.191342
0.46194 0.732538 -0.191342 -0.46194
0.46194 0.732538 -0.191342 0.46194
0.46194 0.732538 0.191342 -0.46194
0.46194 0.732538 0.191342 0.46194
0.46194 0.732538 0.46194 -0.191342
0.46194 0.732538 0.46194 0.191342
0.46194 0.844623 -0.191342 -0.191342
0.46194 0.844623 -0.191342 0.191342
0.46194 0.844623 0.191342 -0.191342
0.46194 0.844623 0.191342 0.191342
0.653281 -0.653281 -0.382683 3.92523e-17
0.653281 -0.653281 0 -0.382683
0.653281 -0.653281 3.92523e-17 0.382683
0.653281 -0.653281 0.382683 -3.92523e-17
0.653281 -0.382683 -0.653281 3.92523e-17
0.653281 -0.382683 3.92523e-17 -0.653281
0.653281 -0.382683 3.92523e-17 0.653281
0.653281 -0.382683 0.653281 3.92523e-17
0.653281 -3.92523e-17 -0.653281 -0.382683
0.653281 7.85046e-17 -0.653281 0.382683
0.653281 3.92523e-17 -0.382683 -0.653281
0.653281 -3.92523e-17 -0.382683 0.653281
0.653281 3.92523e-17 0.382683 -0.653281
0.653281 0 0.382683 0.653281
0.653281 1.17757e-16 0.653281 -0.382683
0.653281 3.92523e-17 0.653281 0.382683
0.653281 0.382683 -0.653281 1.17757e-16
0.653281 0.382683 -0 -0.653281
0.653281 0.382683 3.92523e-17 0.653281
0.653281 0.382683 0.653281 -7.85046e-17
0.653281 0.653281 -0.382683 3.92523e-17
0.653281 0.653281 -3.92523e-17 -0.382683
0.653281 0.653281 3.92523e-17 0.382683
0.653281 0.653281 0.382683 0
0.732538 -0.46194 -0.46194 -0.191342
0.732538 -0.46194 -0.46194 0.191342
0.732538 -0.46194 -0.191342 -0.46194
0.732538 -0.46194 -0.191342 0.46194
0.732538 -0.46194 0.191342 -0.46194
0.732538 -0.46194 0.191342 0.46194
0.732538 -0.46194 0.46194 -0.191342
0.732538 -0.46194 0.46194 0.191342
0.732538 -0.191342 -0.46194 -0.46194
0.732538 -0.191342 -0.46194 0.46194
0.732538 -0.191342 0.46194 -0.46194
0.732538 -0.191342 0.46194 0.46194
0.732538 0.191342 -0.46194 -0.46194
0.732538 0.191342 -0.46194 0.46194
0.732538 0.191342 0.46194 -0.46194
0.732538 0.191342 0.46194 0.46194
0.732538 0.46194 -0.46194 -0.191342
0.732538 0.46194 -0.46194 0.191342
0.732538 0.46194 -0.191342 -0.46194
0.732538 0.46194 -0.191342 0.46194
0.732538 0.46194 0.191342 -0.46194
0.732538 0.46194 0.191342 0.46194
0.732538 0.46194 0.46194 -0.191342
0.732538 0.46194 0.46194 0.191342
0.844623 -0.46194 -0.191342 -0.191342
0.844623 -0.46194 -0.191342 0.191342
0.844623 -0.46194 0.191342 -0.191342
0.844623 -0.46194 0.191342 0.191342
0.844623 -0.191342 -0.46194 -0.191342
0.844623 -0.191342 -0.46194 0.191342
0.844623 -0.191342 -0.191342 -0.46194
0.844623 -0.191342 -0.191342 0.46194
0.844623 -0.191342 0.191342 -0.46194
0.844623 -0.191342 0.191342 0.46194
0.844623 -0.191342 0.46194 -0.191342
0.844623 -0.191342 0.46194 0.191342
0.844623 0.191342 -0.46194 -0.191342
0.844623 0.191342 -0.46194 0.191342
0.844623 0.191342 -0.191342 -0.46194
0.844623 0.191342 -0.191342 0.46194
0.844623 0.191342 0.191342 -0.46194
0.844623 0.191342 0.191342 0.46194
0.844623 0.191342 0.46194 -0.191342
0.844623 0.191342 0.46194 0.191342
0.844623 0.46194 -0.191342 -0.191342
0.844623 0.46194 -0.191342 0.191342
0.844623 0.46194 0.191342 -0.191342
0.844623 0.46194 0.191342 0.191342
0.92388 -0.270598 -0.270598 -5.55112e-17
0.92388 -0.270598 -0 -0.270598
0.92388 -0.270598 1.96262e-17 0.270598
0.92388 -0.270598 0.270598 -5.55112e-17
0.92388 1.96262e-17 -0.270598 -0.270598
0.92388 -1.96262e-17 -0.270598 0.270598
0.92388 -7.85046e-17 0.270598 -0.270598
0.92388 -0 0.270598 0.270598
0.92388 0.270598 -0.270598 5.55112e-17
0.92388 0.270598 -1.96262e-17 -0.270598
0.92388 0.270598 0 0.270598
0.92388 0.270598 0.270598 0
