7.85046e-17 -0.844623 -0.270598 0.46194
3.92523e-17 -0.844623 0.270598 0.46194
2.77556e-17 -0.844623 0.46194 -0.270598
2.77556e-17 -0.844623 0.46194 0.270598
5.88785e-17 -0.732538 -0.653281 -0.191342
3.92523e-17 -0.732538 -0.191342 0.653281
3.92523e-17 -0.732538 0.653281 -0.191342
7.85046e-17 -0.732538 0.653281 0.191342
3.92523e-17 -0.653281 -0.732538 -0.191342
7.85046e-17 -0.653281 -0.732538 0.191342
7.85046e-17 -0.653281 -0.382683 0.653281
7.85046e-17 -0.653281 0.191342 -0.732538
3.92523e-17 -0.653281 0.653281 -0.382683
3.92523e-17 -0.653281 0.653281 0.382683
7.85046e-17 -0.653281 0.732538 -0.191342
5.55112e-17 -0.46194 -0.844623 0.270598
7.85046e-17 -0.46194 -0.270598 -0.844623
7.85046e-17 -0.46194 -0.270598 0.844623
1.57009e-16 -0.46194 0.270598 0.844623
7.85046e-17 -0.270598 -0.844623 -0.46194
1.17757e-16 -0.270598 -0.844623 0.46194
7.85046e-17 -0.270598 -0.46194 -0.844623
2.35514e-16 -0.270598 -0.46194 0.844623
7.85046e-17 -0.270598 0.270598 -0.92388
7.85046e-17 -0.270598 0.270598 0.92388
7.85046e-17 -0.270598 0.46194 -0.844623
1.17757e-16 -0.270598 0.46194 0.844623
7.85046e-17 -0.270598 0.844623 0.46194
3.92523e-17 -0.191342 -0.732538 -0.653281
7.85046e-17 -0.191342 -0.653281 -0.732538
1.96262e-17 -0.191342 -0.653281 0.732538
1.96262e-17 -0.191342 0.653281 -0.732538
7.85046e-17 -0.191342 0.653281 0.732538
3.92523e-17 -0.191342 0.732538 -0.653281
7.85046e-17 -0.191342 0.732538 0.653281
3.92523e-17 0.191342 -0.732538 0.653281
0 0.191342 -0.653281 -0.732538
7.85046e-17 0.191342 -0.653281 0.732538
0 0.191342 0.653281 -0.732538
0 0.191342 0.653281 0.732538
0 0.191342 0.732538 -0.653281
0 0.191342 0.732538 0.653281
0 0.270598 -0.844623 -0.46194
2.35514e-16 0.270598 -0.844623 0.46194
0 0.270598 -0.46194 -0.844623
0 0.270598 -0.46194 0.844623
0 0.270598 0.46194 0.844623
0 0.270598 0.844623 0.46194
1.11022e-16 0.46194 -0.844623 -0.270598
5.88785e-17 0.46194 -0.844623 0.270598
7.85046e-17 0.46194 -0.270598 0.844623
0 0.46194 0.270598 -0.844623
0 0.46194 0.270598 0.844623
5.88785e-17 0.46194 0.844623 0.270598
2.15888e-16 0.653281 -0.732538 -0.191342
0 0.653281 -0.732538 0.191342
1.57009e-16 0.653281 -0.191342 -0.732538
3.92523e-17 0.653281 -0.191342 0.732538
1.96262e-17 0.653281 0.191342 -0.732538
0 0.653281 0.191342 0.732538
0 0.653281 0.732538 -0.191342
3.92523e-17 0.653281 0.732538 0.191342
0 0.732538 -0.653281 -0.191342
0 0.732538 -0.653281 0.191342
0 0.732538 -0.191342 -0.653281
0 0.732538 -0.191342 0.653281
0 0.732538 0.191342 -0.653281
2.77556e-17 0.732538 0.191342 0.653281
1.96262e-17 0.732538 0.653281 -0.191342
0 0.844623 -0.46194 -0.270598
0 0.844623 -0.270598 -0.46194
1.57009e-16 0.844623 -0.270598 0.46194
0 0.844623 0.270598 -0.46194
0 0.844623 0.270598 0.46194
1.11022e-16 0.844623 0.46194 -0.270598
3.92523e-17 0.844623 0.46194 0.270598
0.0560427 -0.979922 -0.135299 -0.135299
0.0560427 -0.979922 -0.135299 0.135299
0.0560427 -0.979922 0.135299 -0.135299
0.0560427 -0.979922 0.135299 0.135299
0.0560427 -0.788581 -0.597239 -0.135299
0.0560427 -0.788581 -0.597239 0.135299
0.0560427 -0.788581 -0.517982 -0.326641
0.0560427 -0.788581 -0.517982 0.326641
0.0560427 -0.788581 -0.326641 -0.517982
0.0560427 -0.788581 -0.326641 0.517982
0.0560427 -0.788581 -0.135299 -0.597239
0.0560427 -0.788581 -0.135299 0.597239
0.0560427 -0.788581 0.135299 -0.597239
0.0560427 -0.788581 0.135299 0.597239
0.0560427 -0.788581 0.326641 -0.517982
0.0560427 -0.788581 0.326641 0.517982
0.0560427 -0.788581 0.517982 -0.326641
0.0560427 -0.788581 0.517982 0.326641
0.0560427 -0.788581 0.597239 -0.135299
0.0560427 -0.788581 0.597239 0.135299
0.0560427 -0.597239 -0.788581 -0.135299
0.0560427 -0.597239 -0.788581 0.135299
0.0560427 -0.597239 -0.135299 -0.788581
0.0560427 -0.597239 -0.135299 0.788581
0.0560427 -0.597239 0.135299 -0.788581
0.0560427 -0.597239 0.135299 0.788581
0.0560427 -0.597239 0.788581 -0.135299
0.0560427 -0.597239 0.788581 0.135299
0.0560427 -0.517982 -0.788581 -0.326641
0.0560427 -0.517982 -0.788581 0.326641
0.0560427 -0.517982 -0.326641 -0.788581
0.0560427 -0.517982 -0.326641 0.788581
0.0560427 -0.517982 0.326641 -0.788581
0.0560427 -0.517982 0.326641 0.788581
0.0560427 -0.517982 0.788581 -0.326641
0.0560427 -0.517982 0.788581 0.326641
0.0560427 -0.326641 -0.788581 -0.517982
0.0560427 -0.326641 -0.788581 0.517982
0.0560427 -0.326641 -0.517982 -0.788581
0.0560427 -0.326641 -0.517982 0.788581
0.0560427 -0.326641 0.517982 -0.788581
0.0560427 -0.326641 0.517982 0.788581
0.0560427 -0.326641 0.788581 -0.517982
0.0560427 -0.326641 0.788581 0.517982
0.0560427 -0.135299 -0.979922 -0.135299
0.0560427 -0.135299 -0.979922 0.135299
0.0560427 -0.135299 -0.788581 -0.597239
0.0560427 -0.135299 -0.788581 0.597239
0.0560427 -0.135299 -0.597239 -0.788581
0.0560427 -0.135299 -0.597239 0.788581
0.0560427 -0.135299 -0.135299 -0.979922
0.0560427 -0.135299 -0.135299 0.979922
0.0560427 -0.135299 0.135299 -0.979922
0.0560427 -0.135299 0.135299 0.979922
0.0560427 -0.135299 0.597239 -0.788581
0.0560427 -0.135299 0.597239 0.788581
0.0560427 -0.135299 0.788581 -0.597239
0.0560427 -0.135299 0.788581 0.597239
0.0560427 -0.135299 0.979922 -0.135299
0.0560427 -0.135299 0.979922 0.135299
0.0560427 0.135299 -0.979922 -0.135299
0.0560427 0.135299 -0.979922 0.135299
0.0560427 0.135299 -0.788581 -0.597239
0.0560427 0.135299 -0.788581 0.597239
0.0560427 0.135299 -0.597239 -0.788581
0.0560427 0.135299 -0.597239 0.788581
0.0560427 0.135299 -0.135299 -0.979922
0.0560427 0.135299 -0.135299 0.979922
0.0560427 0.135299 0.135299 -0.979922
0.0560427 0.135299 0.135299 0.979922
0.0560427 0.135299 0.597239 -0.788581
0.0560427 0.135299 0.597239 0.788581
0.0560427 0.135299 0.788581 -0.597239
0.0560427 0.135299 0.788581 0.597239
0.0560427 0.135299 0.979922 -0.135299
0.0560427 0.135299 0.979922 0.135299
0.0560427 0.326641 -0.788581 -0.517982
0.0560427 0.326641 -0.788581 0.517982
0.0560427 0.326641 -0.517982 -0.788581
0.0560427 0.326641 -0.517982 0.788581
0.0560427 0.326641 0.517982 -0.788581
0.0560427 0.326641 0.517982 0.788581
0.0560427 0.326641 0.788581 -0.517982
0.0560427 0.326641 0.788581 0.517982
0.0560427 0.517982 -0.788581 -0.326641
0.0560427 0.517982 -0.788581 0.326641
0.0560427 0.517982 -0.326641 -0.788581
0.0560427 0.517982 -0.326641 0.788581
0.0560427 0.517982 0.326641 -0.788581
0.0560427 0.517982 0.326641 0.788581
0.0560427 0.517982 0.788581 -0.326641
0.0560427 0.517982 0.788581 0.326641
0.0560427 0.597239 -0.788581 -0.135299
0.0560427 0.597239 -0.788581 0.135299
0.0560427 0.597239 -0.135299 -0.788581
0.0560427 0.597239 -0.135299 0.788581
0.0560427 0.597239 0.135299 -0.788581
0.0560427 0.597239 0.135299 0.788581
0.0560427 0.597239 0.788581 -0.135299
0.0560427 0.597239 0.788581 0.135299
0.0560427 0.788581 -0.597239 -0.135299
0.0560427 0.788581 -0.597239 0.135299
0.0560427 0.788581 -0.517982 -0.326641
0.0560427 0.788581 -0.517982 0.326641
0.0560427 0.788581 -0.326641 -0.517982
0.0560427 0.788581 -0.326641 0.517982
0.0560427 0.788581 -0.135299 -0.597239
0.0560427 0.788581 -0.135299 0.597239
0.0560427 0.788581 0.135299 -0.597239
0.0560427 0.788581 0.135299 0.597239
0.0560427 0.788581 0.326641 -0.517982
0.0560427 0.788581 0.326641 0.517982
0.0560427 0.788581 0.517982 -0.326641
0.0560427 0.788581 0.517982 0.326641
0.0560427 0.788581 0.597239 -0.135299
0.0560427 0.788581 0.597239 0.135299
0.0560427 0.979922 -0.135299 -0.135299
0.0560427 0.979922 -0.135299 0.135299
0.0560427 0.979922 0.135299 -0.135299
0.0560427 0.979922 0.135299 0.135299
0.135299 -0.979922 -0.135299 -0.0560427
0.135299 -0.979922 -0.135299 0.0560427
0.135299 -0.979922 -0.0560427 -0.135299
0.135299 -0.979922 -0.0560427 0.135299
0.135299 -0.979922 0.0560427 -0.135299
0.135299 -0.979922 0.0560427 0.135299
0.135299 -0.979922 0.135299 -0.0560427
0.135299 -0.979922 0.135299 0.0560427
0.135299 -0.788581 -0.597239 -0.0560427
0.135299 -0.788581 -0.597239 0.0560427
0.135299 -0.788581 -0.0560427 -0.597239
0.135299 -0.788581 -0.0560427 0.597239
0.135299 -0.788581 0.0560427 -0.597239
0.135299 -0.788581 0.0560427 0.597239
0.135299 -0.788581 0.597239 -0.0560427
0.135299 -0.788581 0.597239 0.0560427
0.135299 -0.597239 -0.788581 -0.0560427
0.135299 -0.597239 -0.788581 0.0560427
0.135299 -0.597239 -0.597239 -0.517982
0.135299 -0.597239 -0.597239 0.517982
0.135299 -0.597239 -0.517982 -0.597239
0.135299 -0.597239 -0.517982 0.597239
0.135299 -0.597239 -0.0560427 -0.788581
0.135299 -0.597239 -0.0560427 0.788581
0.135299 -0.597239 0.0560427 -0.788581
0.135299 -0.597239 0.0560427 0.788581
0.135299 -0.597239 0.517982 -0.597239
0.135299 -0.597239 0.517982 0.597239
0.135299 -0.597239 0.597239 -0.517982
0.135299 -0.597239 0.597239 0.517982
0.135299 -0.597239 0.788581 -0.0560427
0.135299 -0.597239 0.788581 0.0560427
0.135299 -0.517982 -0.597239 -0.597239
0.135299 -0.517982 -0.597239 0.597239
0.135299 -0.517982 0.597239 -0.597239
0.135299 -0.517982 0.597239 0.597239
0.135299 -0.135299 -0.979922 -0.0560427
0.135299 -0.135299 -0.979922 0.0560427
0.135299 -0.135299 -0.0560427 -0.979922
0.135299 -0.135299 -0.0560427 0.979922
0.135299 -0.135299 0.0560427 -0.979922
0.135299 -0.135299 0.0560427 0.979922
0.135299 -0.135299 0.979922 -0.0560427
0.135299 -0.135299 0.979922 0.0560427
0.135299 -0.0560427 -0.979922 -0.135299
0.135299 -0.0560427 -0.979922 0.135299
0.135299 -0.0560427 -0.788581 -0.597239
0.135299 -0.0560427 -0.788581 0.597239
0.135299 -0.0560427 -0.597239 -0.788581
0.135299 -0.0560427 -0.597239 0.788581
0.135299 -0.0560427 -0.135299 -0.979922
0.135299 -0.0560427 -0.135299 0.979922
0.135299 -0.0560427 0.135299 -0.979922
0.135299 -0.0560427 0.135299 0.979922
0.135299 -0.0560427 0.597239 -0.788581
0.135299 -0.0560427 0.597239 0.788581
0.135299 -0.0560427 0.788581 -0.597239
0.135299 -0.0560427 0.788581 0.597239
0.135299 -0.0560427 0.979922 -0.135299
0.135299 -0.0560427 0.979922 0.135299
0.135299 0.0560427 -0.979922 -0.135299
0.135299 0.0560427 -0.979922 0.135299
0.135299 0.0560427 -0.788581 -0.597239
0.135299 0.0560427 -0.788581 0.597239
0.135299 0.0560427 -0.597239 -0.788581
0.135299 0.0560427 -0.597239 0.788581
0.135299 0.0560427 -0.135299 -0.979922
0.135299 0.0560427 -0.135299 0.979922
0.135299 0.0560427 0.135299 -0.979922
0.135299 0.0560427 0.135299 0.979922
0.135299 0.0560427 0.597239 -0.788581
0.135299 0.0560427 0.597239 0.788581
0.135299 0.0560427 0.788581 -0.597239
0.135299 0.0560427 0.788581 0.597239
0.135299 0.0560427 0.979922 -0.135299
0.135299 0.0560427 0.979922 0.135299
0.135299 0.135299 -0.979922 -0.0560427
0.135299 0.135299 -0.979922 0.0560427
0.135299 0.135299 -0.0560427 -0.979922
0.135299 0.135299 -0.0560427 0.979922
0.135299 0.135299 0.0560427 -0.979922
0.135299 0.135299 0.0560427 0.979922
0.135299 0.135299 0.979922 -0.0560427
0.135299 0.135299 0.979922 0.0560427
0.135299 0.517982 -0.597239 -0.597239
0.135299 0.517982 -0.597239 0.597239
0.135299 0.517982 0.597239 -0.597239
0.135299 0.517982 0.597239 0.597239
0.135299 0.597239 -0.788581 -0.0560427
0.135299 0.597239 -0.788581 0.0560427
0.135299 0.597239 -0.597239 -0.517982
0.135299 0.597239 -0.597239 0.517982
0.135299 0.597239 -0.517982 -0.597239
0.135299 0.597239 -0.517982 0.597239
0.135299 0.597239 -0.0560427 -0.788581
0.135299 0.597239 -0.0560427 0.788581
0.135299 0.597239 0.0560427 -0.788581
0.135299 0.597239 0.0560427 0.788581
0.135299 0.597239 0.517982 -0.597239
0.135299 0.597239 0.517982 0.597239
0.135299 0.597239 0.597239 -0.517982
0.135299 0.597239 0.597239 0.517982
0.135299 0.597239 0.788581 -0.0560427
0.135299 0.597239 0.788581 0.0560427
0.135299 0.788581 -0.597239 -0.0560427
0.135299 0.788581 -0.597239 0.0560427
0.135299 0.788581 -0.0560427 -0.597239
0.135299 0.788581 -0.0560427 0.597239
0.135299 0.788581 0.0560427 -0.597239
0.135299 0.788581 0.0560427 0.597239
0.135299 0.788581 0.597239 -0.0560427
0.135299 0.788581 0.597239 0.0560427
0.135299 0.979922 -0.135299 -0.0560427
0.135299 0.979922 -0.135299 0.0560427
0.135299 0.979922 -0.0560427 -0.135299
0.135299 0.979922 -0.0560427 0.135299
0.135299 0.979922 0.0560427 -0.135299
0.135299 0.979922 0.0560427 0.135299
0.135299 0.979922 0.135299 -0.0560427
0.135299 0.979922 0.135299 0.0560427
0.191342 -0.92388 -0.270598 -0.191342
0.191342 -0.92388 -0.270598 0.191342
0.191342 -0.92388 -0.191342 -0.270598
0.191342 -0.92388 -0.191342 0.270598
0.191342 -0.92388 0.191342 -0.270598
0.191342 -0.92388 0.191342 0.270598
0.191342 -0.92388 0.270598 -0.191342
0.191342 -0.92388 0.270598 0.191342
0.191342 -0.732538 -0.653281 7.85046e-17
0.191342 -0.732538 1.57009e-16 -0.653281
0.191342 -0.732538 -0 0.653281
0.191342 -0.732538 0.653281 0
0.191342 -0.653281 -0.732538 0
0.191342 -0.653281 0 -0.732538
0.191342 -0.653281 -2.77556e-17 0.732538
0.191342 -0.653281 0.732538 1.96262e-17
0.191342 -0.270598 -0.92388 -0.191342
0.191342 -0.270598 -0.92388 0.191342
0.191342 -0.270598 -0.191342 -0.92388
0.191342 -0.270598 -0.191342 0.92388
0.191342 -0.270598 0.191342 -0.92388
0.191342 -0.270598 0.191342 0.92388
0.191342 -0.270598 0.92388 -0.191342
0.191342 -0.270598 0.92388 0.191342
0.191342 -0.191342 -0.92388 -0.270598
0.191342 -0.191342 -0.92388 0.270598
0.191342 -0.191342 -0.270598 -0.92388
0.191342 -0.191342 -0.270598 0.92388
0.191342 -0.191342 0.270598 -0.92388
0.191342 -0.191342 0.270598 0.92388
0.191342 -0.191342 0.92388 -0.270598
0.191342 -0.191342 0.92388 0.270598
0.191342 0 -0.732538 -0.653281
0.191342 7.85046e-17 -0.732538 0.653281
0.191342 -0 -0.653281 -0.732538
0.191342 7.85046e-17 -0.653281 0.732538
0.191342 3.92523e-17 0.653281 -0.732538
0.191342 -3.92523e-17 0.653281 0.732538
0.191342 -0 0.732538 -0.653281
0.191342 -7.85046e-17 0.732538 0.653281
0.191342 0.191342 -0.92388 -0.270598
0.191342 0.191342 -0.92388 0.270598
0.191342 0.191342 -0.270598 -0.92388
0.191342 0.191342 -0.270598 0.92388
0.191342 0.191342 0.270598 -0.92388
0.191342 0.191342 0.270598 0.92388
0.191342 0.191342 0.92388 -0.270598
0.191342 0.191342 0.92388 0.270598
0.191342 0.270598 -0.92388 -0.191342
0.191342 0.270598 -0.92388 0.191342
0.191342 0.270598 -0.191342 -0.92388
0.191342 0.270598 -0.191342 0.92388
0.191342 0.270598 0.191342 -0.92388
0.191342 0.270598 0.191342 0.92388
0.191342 0.270598 0.92388 -0.191342
0.191342 0.270598 0.92388 0.191342
0.191342 0.653281 -0.732538 5.88785e-17
0.191342 0.653281 0 -0.732538
0.191342 0.653281 3.92523e-17 0.732538
0.191342 0.653281 0.732538 0
0.191342 0.732538 -0.653281 -3.92523e-17
0.191342 0.732538 -7.85046e-17 -0.653281
0.191342 0.732538 -1.96262e-17 0.653281
0.191342 0.732538 0.653281 2.15888e-16
0.191342 0.92388 -0.270598 -0.191342
0.191342 0.92388 -0.270598 0.191342
0.191342 0.92388 -0.191342 -0.270598
0.191342 0.92388 -0.191342 0.270598
0.191342 0.92388 0.191342 -0.270598
0.191342 0.92388 0.191342 0.270598
0.191342 0.92388 0.270598 -0.191342
0.191342 0.92388 0.270598 0.191342
0.270598 -0.92388 -0.191342 -0.191342
0.270598 -0.92388 -0.191342 0.191342
0.270598 -0.92388 0.191342 -0.191342
0.270598 -0.92388 0.191342 0.191342
0.270598 -0.844623 -0.46194 -5.88785e-17
0.270598 -0.844623 -1.57009e-16 -0.46194
0.270598 -0.844623 7.85046e-17 0.46194
0.270598 -0.844623 0.46194 -5.55112e-17
0.270598 -0.46194 -0.844623 2.77556e-17
0.270598 -0.46194 -0 -0.844623
0.270598 -0.46194 0 0.844623
0.270598 -0.46194 0.844623 1.11022e-16
0.270598 -0.191342 -0.92388 -0.191342
0.270598 -0.191342 -0.92388 0.191342
0.270598 -0.191342 -0.191342 -0.92388
0.270598 -0.191342 -0.191342 0.92388
0.270598 -0.191342 0.191342 -0.92388
0.270598 -0.191342 0.191342 0.92388
0.270598 -0.191342 0.92388 -0.191342
0.270598 -0.191342 0.92388 0.191342
0.270598 2.35514e-16 -0.844623 -0.46194
0.270598 1.17757e-16 -0.844623 0.46194
0.270598 1.17757e-16 -0.46194 -0.844623
0.270598 7.85046e-17 -0.46194 0.844623
0.270598 0 0.46194 -0.844623
0.270598 -2.35514e-16 0.46194 0.844623
0.270598 7.85046e-17 0.844623 -0.46194
0.270598 -0 0.844623 0.46194
0.270598 0.191342 -0.92388 -0.191342
0.270598 0.191342 -0.92388 0.191342
0.270598 0.191342 -0.191342 -0.92388
0.270598 0.191342 -0.191342 0.92388
0.270598 0.191342 0.191342 -0.92388
0.270598 0.191342 0.191342 0.92388
0.270598 0.191342 0.92388 -0.191342
0.270598 0.191342 0.92388 0.191342
0.270598 0.46194 -0.844623 -3.92523e-17
0.270598 0.46194 1.57009e-16 -0.844623
0.270598 0.46194 -0 0.844623
0.270598 0.46194 0.844623 0
0.270598 0.844623 -0.46194 -5.88785e-17
0.270598 0.844623 7.85046e-17 -0.46194
0.270598 0.844623 -0 0.46194
0.270598 0.844623 0.46194 1.11022e-16
0.270598 0.92388 -0.191342 -0.191342
0.270598 0.92388 -0.191342 0.191342
0.270598 0.92388 0.191342 -0.191342
0.270598 0.92388 0.191342 0.191342
0.326641 -0.788581 -0.517982 -0.0560427
0.326641 -0.788581 -0.517982 0.0560427
0.326641 -0.788581 -0.405897 -0.326641
0.326641 -0.788581 -0.405897 0.326641
0.326641 -0.788581 -0.326641 -0.405897
0.326641 -0.788581 -0.326641 0.405897
0.326641 -0.788581 -0.0560427 -0.517982
0.326641 -0.788581 -0.0560427 0.517982
0.326641 -0.788581 0.0560427 -0.517982
0.326641 -0.788581 0.0560427 0.517982
0.326641 -0.788581 0.326641 -0.405897
0.326641 -0.788581 0.326641 0.405897
0.326641 -0.788581 0.405897 -0.326641
0.326641 -0.788581 0.405897 0.326641
0.326641 -0.788581 0.517982 -0.0560427
0.326641 -0.788581 0.517982 0.0560427
0.326641 -0.597239 -0.517982 -0.517982
0.326641 -0.597239 -0.517982 0.517982
0.326641 -0.597239 0.517982 -0.517982
0.326641 -0.597239 0.517982 0.517982
0.326641 -0.517982 -0.788581 -0.0560427
0.326641 -0.517982 -0.788581 0.0560427
0.326641 -0.517982 -0.597239 -0.517982
0.326641 -0.517982 -0.597239 0.517982
0.326641 -0.517982 -0.517982 -0.597239
0.326641 -0.517982 -0.517982 0.597239
0.326641 -0.517982 -0.0560427 -0.788581
0.326641 -0.517982 -0.0560427 0.788581
0.326641 -0.517982 0.0560427 -0.788581
0.326641 -0.517982 0.0560427 0.788581
0.326641 -0.517982 0.517982 -0.597239
0.326641 -0.517982 0.517982 0.597239
0.326641 -0.517982 0.597239 -0.517982
0.326641 -0.517982 0.597239 0.517982
0.326641 -0.517982 0.788581 -0.0560427
0.326641 -0.517982 0.788581 0.0560427
0.326641 -0.405897 -0.788581 -0.326641
0.326641 -0.405897 -0.788581 0.326641
0.326641 -0.405897 -0.326641 -0.788581
0.326641 -0.405897 -0.326641 0.788581
0.326641 -0.405897 0.326641 -0.788581
0.326641 -0.405897 0.326641 0.788581
0.326641 -0.405897 0.788581 -0.326641
0.326641 -0.405897 0.788581 0.326641
0.326641 -0.326641 -0.788581 -0.405897
0.326641 -0.326641 -0.788581 0.405897
0.326641 -0.326641 -0.405897 -0.788581
0.326641 -0.326641 -0.405897 0.788581
0.326641 -0.326641 0.405897 -0.788581
0.326641 -0.326641 0.405897 0.788581
0.326641 -0.326641 0.788581 -0.405897
0.326641 -0.326641 0.788581 0.405897
0.326641 -0.0560427 -0.788581 -0.517982
0.326641 -0.0560427 -0.788581 0.517982
0.326641 -0.0560427 -0.517982 -0.788581
0.326641 -0.0560427 -0.517982 0.788581
0.326641 -0.0560427 0.517982 -0.788581
0.326641 -0.0560427 0.517982 0.788581
0.326641 -0.0560427 0.788581 -0.517982
0.326641 -0.0560427 0.788581 0.517982
0.326641 0.0560427 -0.788581 -0.517982
0.326641 0.0560427 -0.788581 0.517982
0.326641 0.0560427 -0.517982 -0.788581
0.326641 0.0560427 -0.517982 0.788581
0.326641 0.0560427 0.517982 -0.788581
0.326641 0.0560427 0.517982 0.788581
0.326641 0.0560427 0.788581 -0.517982
0.326641 0.0560427 0.788581 0.517982
0.326641 0.326641 -0.788581 -0.405897
0.326641 0.326641 -0.788581 0.405897
0.326641 0.326641 -0.405897 -0.788581
0.326641 0.326641 -0.405897 0.788581
0.326641 0.326641 0.405897 -0.788581
0.326641 0.326641 0.405897 0.788581
0.326641 0.326641 0.788581 -0.405897
0.326641 0.326641 0.788581 0.405897
0.326641 0.405897 -0.788581 -0.326641
0.326641 0.405897 -0.788581 0.326641
0.326641 0.405897 -0.326641 -0.788581
0.326641 0.405897 -0.326641 0.788581
0.326641 0.405897 0.326641 -0.788581
0.326641 0.405897 0.326641 0.788581
0.326641 0.405897 0.788581 -0.326641
0.326641 0.405897 0.788581 0.326641
0.326641 0.517982 -0.788581 -0.0560427
0.326641 0.517982 -0.788581 0.0560427
0.326641 0.517982 -0.597239 -0.517982
0.326641 0.517982 -0.597239 0.517982
0.326641 0.517982 -0.517982 -0.597239
0.326641 0.517982 -0.517982 0.597239
0.326641 0.517982 -0.0560427 -0.788581
0.326641 0.517982 -0.0560427 0.788581
0.326641 0.517982 0.0560427 -0.788581
0.326641 0.517982 0.0560427 0.788581
0.326641 0.517982 0.517982 -0.597239
0.326641 0.517982 0.517982 0.597239
0.326641 0.517982 0.597239 -0.517982
0.326641 0.517982 0.597239 0.517982
0.326641 0.517982 0.788581 -0.0560427
0.326641 0.517982 0.788581 0.0560427
0.326641 0.597239 -0.517982 -0.517982
0.326641 0.597239 -0.517982 0.517982
0.326641 0.597239 0.517982 -0.517982
0.326641 0.597239 0.517982 0.517982
0.326641 0.788581 -0.517982 -0.0560427
0.326641 0.788581 -0.517982 0.0560427
0.326641 0.788581 -0.405897 -0.326641
0.326641 0.788581 -0.405897 0.326641
0.326641 0.788581 -0.326641 -0.405897
0.326641 0.788581 -0.326641 0.405897
0.326641 0.788581 -0.0560427 -0.517982
0.326641 0.788581 -0.0560427 0.517982
0.326641 0.788581 0.0560427 -0.517982
0.326641 0.788581 0.0560427 0.517982
0.326641 0.788581 0.326641 -0.405897
0.326641 0.788581 0.326641 0.405897
0.326641 0.788581 0.405897 -0.326641
0.326641 0.788581 0.405897 0.326641
0.326641 0.788581 0.517982 -0.0560427
0.326641 0.788581 0.517982 0.0560427
0.382683 -0.653281 -0.46194 -0.46194
0.382683 -0.653281 -0.46194 0.46194
0.382683 -0.653281 0.46194 -0.46194
0.382683 -0.653281 0.46194 0.46194
0.382683 -0.46194 -0.653281 -0.46194
0.382683 -0.46194 -0.653281 0.46194
0.382683 -0.46194 -0.46194 -0.653281
0.382683 -0.46194 -0.46194 0.653281
0.382683 -0.46194 0.46194 -0.653281
0.382683 -0.46194 0.46194 0.653281
0.382683 -0.46194 0.653281 -0.46194
0.382683 -0.46194 0.653281 0.46194
0.382683 0.46194 -0.653281 -0.46194
0.382683 0.46194 -0.653281 0.46194
0.382683 0.46194 -0.46194 -0.653281
0.382683 0.46194 -0.46194 0.653281
0.382683 0.46194 0.46194 -0.653281
0.382683 0.46194 0.46194 0.653281
0.382683 0.46194 0.653281 -0.46194
0.382683 0.46194 0.653281 0.46194
0.382683 0.653281 -0.46194 -0.46194
0.382683 0.653281 -0.46194 0.46194
0.382683 0.653281 0.46194 -0.46194
0.382683 0.653281 0.46194 0.46194
0.405897 -0.788581 -0.326641 -0.326641
0.405897 -0.788581 -0.326641 0.326641
0.405897 -0.788581 0.326641 -0.326641
0.405897 -0.788581 0.326641 0.326641
0.405897 -0.326641 -0.788581 -0.326641
0.405897 -0.326641 -0.788581 0.326641
0.405897 -0.326641 -0.326641 -0.788581
0.405897 -0.326641 -0.326641 0.788581
0.405897 -0.326641 0.326641 -0.788581
0.405897 -0.326641 0.326641 0.788581
0.405897 -0.326641 0.788581 -0.326641
0.405897 -0.326641 0.788581 0.326641
0.405897 0.326641 -0.788581 -0.326641
0.405897 0.326641 -0.788581 0.326641
0.405897 0.326641 -0.326641 -0.788581
0.405897 0.326641 -0.326641 0.788581
0.405897 0.326641 0.326641 -0.788581
0.405897 0.326641 0.326641 0.788581
0.405897 0.326641 0.788581 -0.326641
0.405897 0.326641 0.788581 0.326641
0.405897 0.788581 -0.326641 -0.326641
0.405897 0.788581 -0.326641 0.326641
0.405897 0.788581 0.326641 -0.326641
0.405897 0.788581 0.326641 0.326641
0.46194 -0.844623 -0.270598 -2.35514e-16
0.46194 -0.844623 -1.17757e-16 -0.270598
0.46194 -0.844623 7.85046e-17 0.270598
0.46194 -0.844623 0.270598 -1.17757e-16
0.46194 -0.653281 -0.46194 -0.382683
0.46194 -0.653281 -0.46194 0.382683
0.46194 -0.653281 -0.382683 -0.46194
0.46194 -0.653281 -0.382683 0.46194
0.46194 -0.653281 0.382683 -0.46194
0.46194 -0.653281 0.382683 0.46194
0.46194 -0.653281 0.46194 -0.382683
0.46194 -0.653281 0.46194 0.382683
0.46194 -0.46194 -0.653281 -0.382683
0.46194 -0.46194 -0.653281 0.382683
0.46194 -0.46194 -0.382683 -0.653281
0.46194 -0.46194 -0.382683 0.653281
0.46194 -0.46194 0.382683 -0.653281
0.46194 -0.46194 0.382683 0.653281
0.46194 -0.46194 0.653281 -0.382683
0.46194 -0.46194 0.653281 0.382683
0.46194 -0.382683 -0.653281 -0.46194
0.46194 -0.382683 -0.653281 0.46194
0.46194 -0.382683 -0.46194 -0.653281
0.46194 -0.382683 -0.46194 0.653281
0.46194 -0.382683 0.46194 -0.653281
0.46194 -0.382683 0.46194 0.653281
0.46194 -0.382683 0.653281 -0.46194
0.46194 -0.382683 0.653281 0.46194
0.46194 -0.270598 -0.844623 -1.57009e-16
0.46194 -0.270598 -0 -0.844623
0.46194 -0.270598 -3.92523e-17 0.844623
0.46194 -0.270598 0.844623 0
0.46194 -0 -0.844623 -0.270598
0.46194 1.57009e-16 -0.844623 0.270598
0.46194 5.55112e-17 -0.270598 -0.844623
0.46194 -1.11022e-16 -0.270598 0.844623
0.46194 -5.88785e-17 0.270598 -0.844623
0.46194 -5.88785e-17 0.270598 0.844623
0.46194 7.85046e-17 0.844623 -0.270598
0.46194 -7.85046e-17 0.844623 0.270598
0.46194 0.270598 -0.844623 -0
0.46194 0.270598 -2.77556e-17 -0.844623
0.46194 0.270598 -1.11022e-16 0.844623
0.46194 0.270598 0.844623 0
0.46194 0.382683 -0.653281 -0.46194
0.46194 0.382683 -0.653281 0.46194
0.46194 0.382683 -0.46194 -0.653281
0.46194 0.382683 -0.46194 0.653281
0.46194 0.382683 0.46194 -0.653281
0.46194 0.382683 0.46194 0.653281
0.46194 0.382683 0.653281 -0.46194
0.46194 0.382683 0.653281 0.46194
0.46194 0.46194 -0.653281 -0.382683
0.46194 0.46194 -0.653281 0.382683
0.46194 0.46194 -0.382683 -0.653281
0.46194 0.46194 -0.382683 0.653281
0.46194 0.46194 0.382683 -0.653281
0.46194 0.46194 0.382683 0.653281
0.46194 0.46194 0.653281 -0.382683
0.46194 0.46194 0.653281 0.382683
0.46194 0.653281 -0.46194 -0.382683
0.46194 0.653281 -0.46194 0.382683
0.46194 0.653281 -0.382683 -0.46194
0.46194 0.653281 -0.382683 0.46194
0.46194 0.653281 0.382683 -0.46194
0.46194 0.653281 0.382683 0.46194
0.46194 0.653281 0.46194 -0.382683
0.46194 0.653281 0.46194 0.382683
0.46194 0.844623 -0.270598 -0
0.46194 0.844623 0 -0.270598
0.46194 0.844623 2.35514e-16 0.270598
0.46194 0.844623 0.270598 -7.85046e-17
0.517982 -0.788581 -0.326641 -0.0560427
0.517982 -0.788581 -0.326641 0.0560427
0.517982 -0.788581 -0.0560427 -0.326641
0.517982 -0.788581 -0.0560427 0.326641
0.517982 -0.788581 0.0560427 -0.326641
0.517982 -0.788581 0.0560427 0.326641
0.517982 -0.788581 0.326641 -0.0560427
0.517982 -0.788581 0.326641 0.0560427
0.517982 -0.597239 -0.597239 -0.135299
0.517982 -0.597239 -0.597239 0.135299
0.517982 -0.597239 -0.517982 -0.326641
0.517982 -0.597239 -0.517982 0.326641
0.517982 -0.597239 -0.326641 -0.517982
0.517982 -0.597239 -0.326641 0.517982
0.517982 -0.597239 -0.135299 -0.597239
0.517982 -0.597239 -0.135299 0.597239
0.517982 -0.597239 0.135299 -0.597239
0.517982 -0.597239 0.135299 0.597239
0.517982 -0.597239 0.326641 -0.517982
0.517982 -0.597239 0.326641 0.517982
0.517982 -0.597239 0.517982 -0.326641
0.517982 -0.597239 0.517982 0.326641
0.517982 -0.597239 0.597239 -0.135299
0.517982 -0.597239 0.597239 0.135299
0.517982 -0.517982 -0.597239 -0.326641
0.517982 -0.517982 -0.597239 0.326641
0.517982 -0.517982 -0.326641 -0.597239
0.517982 -0.517982 -0.326641 0.597239
0.517982 -0.517982 0.326641 -0.597239
0.517982 -0.517982 0.326641 0.597239
0.517982 -0.517982 0.597239 -0.326641
0.517982 -0.517982 0.597239 0.326641
0.517982 -0.326641 -0.788581 -0.0560427
0.517982 -0.326641 -0.788581 0.0560427
0.517982 -0.326641 -0.597239 -0.517982
0.517982 -0.326641 -0.597239 0.517982
0.517982 -0.326641 -0.517982 -0.597239
0.517982 -0.326641 -0.517982 0.597239
0.517982 -0.326641 -0.0560427 -0.788581
0.517982 -0.326641 -0.0560427 0.788581
0.517982 -0.326641 0.0560427 -0.788581
0.517982 -0.326641 0.0560427 0.788581
0.517982 -0.326641 0.517982 -0.597239
0.517982 -0.326641 0.517982 0.597239
0.517982 -0.326641 0.597239 -0.517982
0.517982 -0.326641 0.597239 0.517982
0.517982 -0.326641 0.788581 -0.0560427
0.517982 -0.326641 0.788581 0.0560427
0.517982 -0.135299 -0.597239 -0.597239
0.517982 -0.135299 -0.597239 0.597239
0.517982 -0.135299 0.597239 -0.597239
0.517982 -0.135299 0.597239 0.597239
0.517982 -0.0560427 -0.788581 -0.326641
0.517982 -0.0560427 -0.788581 0.326641
0.517982 -0.0560427 -0.326641 -0.788581
0.517982 -0.0560427 -0.326641 0.788581
0.517982 -0.0560427 0.326641 -0.788581
0.517982 -0.0560427 0.326641 0.788581
0.517982 -0.0560427 0.788581 -0.326641
0.517982 -0.0560427 0.788581 0.326641
0.517982 0.0560427 -0.788581 -0.326641
0.517982 0.0560427 -0.788581 0.326641
0.517982 0.0560427 -0.326641 -0.788581
0.517982 0.0560427 -0.326641 0.788581
0.517982 0.0560427 0.326641 -0.788581
0.517982 0.0560427 0.326641 0.788581
0.517982 0.0560427 0.788581 -0.326641
0.517982 0.0560427 0.788581 0.326641
0.517982 0.135299 -0.597239 -0.597239
0.517982 0.135299 -0.597239 0.597239
0.517982 0.135299 0.597239 -0.597239
0.517982 0.135299 0.597239 0.597239
0.517982 0.326641 -0.788581 -0.0560427
0.517982 0.326641 -0.788581 0.0560427
0.517982 0.326641 -0.597239 -0.517982
0.517982 0.326641 -0.597239 0.517982
0.517982 0.326641 -0.517982 -0.597239
0.517982 0.326641 -0.517982 0.597239
0.517982 0.326641 -0.0560427 -0.788581
0.517982 0.326641 -0.0560427 0.788581
0.517982 0.326641 0.0560427 -0.788581
0.517982 0.326641 0.0560427 0.788581
0.517982 0.326641 0.517982 -0.597239
0.517982 0.326641 0.517982 0.597239
0.517982 0.326641 0.597239 -0.517982
0.517982 0.326641 0.597239 0.517982
0.517982 0.326641 0.788581 -0.0560427
0.517982 0.326641 0.788581 0.0560427
0.517982 0.517982 -0.597239 -0.326641
0.517982 0.517982 -0.597239 0.326641
0.517982 0.517982 -0.326641 -0.597239
0.517982 0.517982 -0.326641 0.597239
0.517982 0.517982 0.326641 -0.597239
0.517982 0.517982 0.326641 0.597239
0.517982 0.517982 0.597239 -0.326641
0.517982 0.517982 0.597239 0.326641
0.517982 0.597239 -0.597239 -0.135299
0.517982 0.597239 -0.597239 0.135299
0.517982 0.597239 -0.517982 -0.326641
0.517982 0.597239 -0.517982 0.326641
0.517982 0.597239 -0.326641 -0.517982
0.517982 0.597239 -0.326641 0.517982
0.517982 0.597239 -0.135299 -0.597239
0.517982 0.597239 -0.135299 0.597239
0.517982 0.597239 0.135299 -0.597239
0.517982 0.597239 0.135299 0.597239
0.517982 0.597239 0.326641 -0.517982
0.517982 0.597239 0.326641 0.517982
0.517982 0.597239 0.517982 -0.326641
0.517982 0.597239 0.517982 0.326641
0.517982 0.597239 0.597239 -0.135299
0.517982 0.597239 0.597239 0.135299
0.517982 0.788581 -0.326641 -0.0560427
0.517982 0.788581 -0.326641 0.0560427
0.517982 0.788581 -0.0560427 -0.326641
0.517982 0.788581 -0.0560427 0.326641
0.517982 0.788581 0.0560427 -0.326641
0.517982 0.788581 0.0560427 0.326641
0.517982 0.788581 0.326641 -0.0560427
0.517982 0.788581 0.326641 0.0560427
0.597239 -0.788581 -0.135299 -0.0560427
0.597239 -0.788581 -0.135299 0.0560427
0.597239 -0.788581 -0.0560427 -0.135299
0.597239 -0.788581 -0.0560427 0.135299
0.597239 -0.788581 0.0560427 -0.135299
0.597239 -0.788581 0.0560427 0.135299
0.597239 -0.788581 0.135299 -0.0560427
0.597239 -0.788581 0.135299 0.0560427
0.597239 -0.597239 -0.517982 -0.135299
0.597239 -0.597239 -0.517982 0.135299
0.597239 -0.597239 -0.135299 -0.517982
0.597239 -0.597239 -0.135299 0.517982
0.597239 -0.597239 0.135299 -0.517982
0.597239 -0.597239 0.135299 0.517982
0.597239 -0.597239 0.517982 -0.135299
0.597239 -0.597239 0.517982 0.135299
0.597239 -0.517982 -0.597239 -0.135299
0.597239 -0.517982 -0.597239 0.135299
0.597239 -0.517982 -0.517982 -0.326641
0.597239 -0.517982 -0.517982 0.326641
0.597239 -0.517982 -0.326641 -0.517982
0.597239 -0.517982 -0.326641 0.517982
0.597239 -0.517982 -0.135299 -0.597239
0.597239 -0.517982 -0.135299 0.597239
0.597239 -0.517982 0.135299 -0.597239
0.597239 -0.517982 0.135299 0.597239
0.597239 -0.517982 0.326641 -0.517982
0.597239 -0.517982 0.326641 0.517982
0.597239 -0.517982 0.517982 -0.326641
0.597239 -0.517982 0.517982 0.326641
0.597239 -0.517982 0.597239 -0.135299
0.597239 -0.517982 0.597239 0.135299
0.597239 -0.326641 -0.517982 -0.517982
0.597239 -0.326641 -0.517982 0.517982
0.597239 -0.326641 0.517982 -0.517982
0.597239 -0.326641 0.517982 0.517982
0.597239 -0.135299 -0.788581 -0.0560427
0.597239 -0.135299 -0.788581 0.0560427
0.597239 -0.135299 -0.597239 -0.517982
0.597239 -0.135299 -0.597239 0.517982
0.597239 -0.135299 -0.517982 -0.597239
0.597239 -0.135299 -0.517982 0.597239
0.597239 -0.135299 -0.0560427 -0.788581
0.597239 -0.135299 -0.0560427 0.788581
0.597239 -0.135299 0.0560427 -0.788581
0.597239 -0.135299 0.0560427 0.788581
0.597239 -0.135299 0.517982 -0.597239
0.597239 -0.135299 0.517982 0.597239
0.597239 -0.135299 0.597239 -0.517982
0.597239 -0.135299 0.597239 0.517982
0.597239 -0.135299 0.788581 -0.0560427
0.597239 -0.135299 0.788581 0.0560427
0.597239 -0.0560427 -0.788581 -0.135299
0.597239 -0.0560427 -0.788581 0.135299
0.597239 -0.0560427 -0.135299 -0.788581
0.597239 -0.0560427 -0.135299 0.788581
0.597239 -0.0560427 0.135299 -0.788581
0.597239 -0.0560427 0.135299 0.788581
0.597239 -0.0560427 0.788581 -0.135299
0.597239 -0.0560427 0.788581 0.135299
0.597239 0.0560427 -0.788581 -0.135299
0.597239 0.0560427 -0.788581 0.135299
0.597239 0.0560427 -0.135299 -0.788581
0.597239 0.0560427 -0.135299 0.788581
0.597239 0.0560427 0.135299 -0.788581
0.597239 0.0560427 0.135299 0.788581
0.597239 0.0560427 0.788581 -0.135299
0.597239 0.0560427 0.788581 0.135299
0.597239 0.135299 -0.788581 -0.0560427
0.597239 0.135299 -0.788581 0.0560427
0.597239 0.135299 -0.597239 -0.517982
0.597239 0.135299 -0.597239 0.517982
0.597239 0.135299 -0.517982 -0.597239
0.597239 0.135299 -0.517982 0.597239
0.597239 0.135299 -0.0560427 -0.788581
0.597239 0.135299 -0.0560427 0.788581
0.597239 0.135299 0.0560427 -0.788581
0.597239 0.135299 0.0560427 0.788581
0.597239 0.135299 0.517982 -0.597239
0.597239 0.135299 0.517982 0.597239
0.597239 0.135299 0.597239 -0.517982
0.597239 0.135299 0.597239 0.517982
0.597239 0.135299 0.788581 -0.0560427
0.597239 0.135299 0.788581 0.0560427
0.597239 0.326641 -0.517982 -0.517982
0.597239 0.326641 -0.517982 0.517982
0.597239 0.326641 0.517982 -0.517982
0.597239 0.326641 0.517982 0.517982
0.597239 0.517982 -0.597239 -0.135299
0.597239 0.517982 -0.597239 0.135299
0.597239 0.517982 -0.517982 -0.326641
0.597239 0.517982 -0.517982 0.326641
0.597239 0.517982 -0.326641 -0.517982
0.597239 0.517982 -0.326641 0.517982
0.597239 0.517982 -0.135299 -0.597239
0.597239 0.517982 -0.135299 0.597239
0.597239 0.517982 0.135299 -0.597239
0.597239 0.517982 0.135299 0.597239
0.597239 0.517982 0.326641 -0.517982
0.597239 0.517982 0.326641 0.517982
0.597239 0.517982 0.517982 -0.326641
0.597239 0.517982 0.517982 0.326641
0.597239 0.517982 0.597239 -0.135299
0.597239 0.517982 0.597239 0.135299
0.597239 0.597239 -0.517982 -0.135299
0.597239 0.597239 -0.517982 0.135299
0.597239 0.597239 -0.135299 -0.517982
0.597239 0.597239 -0.135299 0.517982
0.597239 0.597239 0.135299 -0.517982
0.597239 0.597239 0.135299 0.517982
0.597239 0.597239 0.517982 -0.135299
0.597239 0.597239 0.517982 0.135299
0.597239 0.788581 -0.135299 -0.0560427
0.597239 0.788581 -0.135299 0.0560427
0.597239 0.788581 -0.0560427 -0.135299
0.597239 0.788581 -0.0560427 0.135299
0.597239 0.788581 0.0560427 -0.135299
0.597239 0.788581 0.0560427 0.135299
0.597239 0.788581 0.135299 -0.0560427
0.597239 0.788581 0.135299 0.0560427
0.653281 -0.732538 -0.191342 -3.92523e-17
0.653281 -0.732538 -7.85046e-17 -0.191342
0.653281 -0.732538 -0 0.191342
0.653281 -0.732538 0.191342 0
0.653281 -0.46194 -0.46194 -0.382683
0.653281 -0.46194 -0.46194 0.382683
0.653281 -0.46194 -0.382683 -0.46194
0.653281 -0.46194 -0.382683 0.46194
0.653281 -0.46194 0.382683 -0.46194
0.653281 -0.46194 0.382683 0.46194
0.653281 -0.46194 0.46194 -0.382683
0.653281 -0.46194 0.46194 0.382683
0.653281 -0.382683 -0.46194 -0.46194
0.653281 -0.382683 -0.46194 0.46194
0.653281 -0.382683 0.46194 -0.46194
0.653281 -0.382683 0.46194 0.46194
0.653281 -0.191342 -0.732538 0
0.653281 -0.191342 0 -0.732538
0.653281 -0.191342 5.88785e-17 0.732538
0.653281 -0.191342 0.732538 -3.92523e-17
0.653281 -1.96262e-17 -0.732538 -0.191342
0.653281 -1.57009e-16 -0.732538 0.191342
0.653281 -0 -0.191342 -0.732538
0.653281 -2.15888e-16 -0.191342 0.732538
0.653281 -3.92523e-17 0.191342 -0.732538
0.653281 7.85046e-17 0.191342 0.732538
0.653281 0 0.732538 -0.191342
0.653281 7.85046e-17 0.732538 0.191342
0.653281 0.191342 -0.732538 -2.77556e-17
0.653281 0.191342 0 -0.732538
0.653281 0.191342 -1.96262e-17 0.732538
0.653281 0.191342 0.732538 0
0.653281 0.382683 -0.46194 -0.46194
0.653281 0.382683 -0.46194 0.46194
0.653281 0.382683 0.46194 -0.46194
0.653281 0.382683 0.46194 0.46194
0.653281 0.46194 -0.46194 -0.382683
0.653281 0.46194 -0.46194 0.382683
0.653281 0.46194 -0.382683 -0.46194
0.653281 0.46194 -0.382683 0.46194
0.653281 0.46194 0.382683 -0.46194
0.653281 0.46194 0.382683 0.46194
0.653281 0.46194 0.46194 -0.382683
0.653281 0.46194 0.46194 0.382683
0.653281 0.732538 -0.191342 3.92523e-17
0.653281 0.732538 7.85046e-17 -0.191342
0.653281 0.732538 0 0.191342
0.653281 0.732538 0.191342 -7.85046e-17
0.732538 -0.653281 -0.191342 -7.85046e-17
0.732538 -0.653281 -7.85046e-17 -0.191342
0.732538 -0.653281 3.92523e-17 0.191342
0.732538 -0.653281 0.191342 0
0.732538 -0.191342 -0.653281 7.85046e-17
0.732538 -0.191342 2.15888e-16 -0.653281
0.732538 -0.191342 -3.92523e-17 0.653281
0.732538 -0.191342 0.653281 1.96262e-17
0.732538 3.92523e-17 -0.653281 -0.191342
0.732538 0 -0.653281 0.191342
0.732538 -1.96262e-17 -0.191342 -0.653281
0.732538 0 -0.191342 0.653281
0.732538 5.88785e-17 0.191342 -0.653281
0.732538 -0 0.191342 0.653281
0.732538 -2.77556e-17 0.653281 -0.191342
0.732538 0 0.653281 0.191342
0.732538 0.191342 -0.653281 0
0.732538 0.191342 -7.85046e-17 -0.653281
0.732538 0.191342 0 0.653281
0.732538 0.191342 0.653281 1.57009e-16
0.732538 0.653281 -0.191342 0
0.732538 0.653281 3.92523e-17 -0.191342
0.732538 0.653281 -0 0.191342
0.732538 0.653281 0.191342 -7.85046e-17
0.788581 -0.597239 -0.135299 -0.0560427
0.788581 -0.597239 -0.135299 0.0560427
0.788581 -0.597239 -0.0560427 -0.135299
0.788581 -0.597239 -0.0560427 0.135299
0.788581 -0.597239 0.0560427 -0.135299
0.788581 -0.597239 0.0560427 0.135299
0.788581 -0.597239 0.135299 -0.0560427
0.788581 -0.597239 0.135299 0.0560427
0.788581 -0.517982 -0.326641 -0.0560427
0.788581 -0.517982 -0.326641 0.0560427
0.788581 -0.517982 -0.0560427 -0.326641
0.788581 -0.517982 -0.0560427 0.326641
0.788581 -0.517982 0.0560427 -0.326641
0.788581 -0.517982 0.0560427 0.326641
0.788581 -0.517982 0.326641 -0.0560427
0.788581 -0.517982 0.326641 0.0560427
0.788581 -0.405897 -0.326641 -0.326641
0.788581 -0.405897 -0.326641 0.326641
0.788581 -0.405897 0.326641 -0.326641
0.788581 -0.405897 0.326641 0.326641
0.788581 -0.326641 -0.517982 -0.0560427
0.788581 -0.326641 -0.517982 0.0560427
0.788581 -0.326641 -0.405897 -0.326641
0.788581 -0.326641 -0.405897 0.326641
0.788581 -0.326641 -0.326641 -0.405897
0.788581 -0.326641 -0.326641 0.405897
0.788581 -0.326641 -0.0560427 -0.517982
0.788581 -0.326641 -0.0560427 0.517982
0.788581 -0.326641 0.0560427 -0.517982
0.788581 -0.326641 0.0560427 0.517982
0.788581 -0.326641 0.326641 -0.405897
0.788581 -0.326641 0.326641 0.405897
0.788581 -0.326641 0.405897 -0.326641
0.788581 -0.326641 0.405897 0.326641
0.788581 -0.326641 0.517982 -0.0560427
0.788581 -0.326641 0.517982 0.0560427
0.788581 -0.135299 -0.597239 -0.0560427
0.788581 -0.135299 -0.597239 0.0560427
0.788581 -0.135299 -0.0560427 -0.597239
0.788581 -0.135299 -0.0560427 0.597239
0.788581 -0.135299 0.0560427 -0.597239
0.788581 -0.135299 0.0560427 0.597239
0.788581 -0.135299 0.597239 -0.0560427
0.788581 -0.135299 0.597239 0.0560427
0.788581 -0.0560427 -0.597239 -0.135299
0.788581 -0.0560427 -0.597239 0.135299
0.788581 -0.0560427 -0.517982 -0.326641
0.788581 -0.0560427 -0.517982 0.326641
0.788581 -0.0560427 -0.326641 -0.517982
0.788581 -0.0560427 -0.326641 0.517982
0.788581 -0.0560427 -0.135299 -0.597239
0.788581 -0.0560427 -0.135299 0.597239
0.788581 -0.0560427 0.135299 -0.597239
0.788581 -0.0560427 0.135299 0.597239
0.788581 -0.0560427 0.326641 -0.517982
0.788581 -0.0560427 0.326641 0.517982
0.788581 -0.0560427 0.517982 -0.326641
0.788581 -0.0560427 0.517982 0.326641
0.788581 -0.0560427 0.597239 -0.135299
0.788581 -0.0560427 0.597239 0.135299
0.788581 0.0560427 -0.597239 -0.135299
0.788581 0.0560427 -0.597239 0.135299
0.788581 0.0560427 -0.517982 -0.326641
0.788581 0.0560427 -0.517982 0.326641
0.788581 0.0560427 -0.326641 -0.517982
0.788581 0.0560427 -0.326641 0.517982
0.788581 0.0560427 -0.135299 -0.597239
0.788581 0.0560427 -0.135299 0.597239
0.788581 0.0560427 0.135299 -0.597239
0.788581 0.0560427 0.135299 0.597239
0.788581 0.0560427 0.326641 -0.517982
0.788581 0.0560427 0.326641 0.517982
0.788581 0.0560427 0.517982 -0.326641
0.788581 0.0560427 0.517982 0.326641
0.788581 0.0560427 0.597239 -0.135299
0.788581 0.0560427 0.597239 0.135299
0.788581 0.135299 -0.597239 -0.0560427
0.788581 0.135299 -0.597239 0.0560427
0.788581 0.135299 -0.0560427 -0.597239
0.788581 0.135299 -0.0560427 0.597239
0.788581 0.135299 0.0560427 -0.597239
0.788581 0.135299 0.0560427 0.597239
0.788581 0.135299 0.597239 -0.0560427
0.788581 0.135299 0.597239 0.0560427
0.788581 0.326641 -0.517982 -0.0560427
0.788581 0.326641 -0.517982 0.0560427
0.788581 0.326641 -0.405897 -0.326641
0.788581 0.326641 -0.405897 0.326641
0.788581 0.326641 -0.326641 -0.405897
0.788581 0.326641 -0.326641 0.405897
0.788581 0.326641 -0.0560427 -0.517982
0.788581 0.326641 -0.0560427 0.517982
0.788581 0.326641 0.0560427 -0.517982
0.788581 0.326641 0.0560427 0.517982
0.788581 0.326641 0.326641 -0.405897
0.788581 0.326641 0.326641 0.405897
0.788581 0.326641 0.405897 -0.326641
0.788581 0.326641 0.405897 0.326641
0.788581 0.326641 0.517982 -0.0560427
0.788581 0.326641 0.517982 0.0560427
0.788581 0.405897 -0.326641 -0.326641
0.788581 0.405897 -0.326641 0.326641
0.788581 0.405897 0.326641 -0.326641
0.788581 0.405897 0.326641 0.326641
0.788581 0.517982 -0.326641 -0.0560427
0.788581 0.517982 -0.326641 0.0560427
0.788581 0.517982 -0.0560427 -0.326641
0.788581 0.517982 -0.0560427 0.326641
0.788581 0.517982 0.0560427 -0.326641
0.788581 0.517982 0.0560427 0.326641
0.788581 0.517982 0.326641 -0.0560427
0.788581 0.517982 0.326641 0.0560427
0.788581 0.597239 -0.135299 -0.0560427
0.788581 0.597239 -0.135299 0.0560427
0.788581 0.597239 -0.0560427 -0.135299
0.788581 0.597239 -0.0560427 0.135299
0.788581 0.597239 0.0560427 -0.135299
0.788581 0.597239 0.0560427 0.135299
0.788581 0.597239 0.135299 -0.0560427
0.788581 0.597239 0.135299 0.0560427
0.844623 -0.46194 -0.270598 0
0.844623 -0.46194 -7.85046e-17 -0.270598
0.844623 -0.46194 0 0.270598
0.844623 -0.46194 0.270598 -2.35514e-16
0.844623 -0.270598 -0.46194 -7.85046e-17
0.844623 -0.270598 1.11022e-16 -0.46194
0.844623 -0.270598 -5.88785e-17 0.46194
0.844623 -0.270598 0.46194 0
0.844623 0 -0.46194 -0.270598
0.844623 0 -0.46194 0.270598
0.844623 -1.11022e-16 -0.270598 -0.46194
0.844623 0 -0.270598 0.46194
0.844623 -3.92523e-17 0.270598 -0.46194
0.844623 2.77556e-17 0.270598 0.46194
0.844623 0 0.46194 -0.270598
0.844623 -1.57009e-16 0.46194 0.270598
0.844623 0.270598 -0.46194 7.85046e-17
0.844623 0.270598 5.88785e-17 -0.46194
0.844623 0.270598 5.55112e-17 0.46194
0.844623 0.270598 0.46194 -1.57009e-16
0.844623 0.46194 -0.270598 7.85046e-17
0.844623 0.46194 2.35514e-16 -0.270598
0.844623 0.46194 1.17757e-16 0.270598
0.844623 0.46194 0.270598 -1.17757e-16
0.92388 -0.270598 -0.191342 -0.191342
0.92388 -0.270598 -0.191342 0.191342
0.92388 -0.270598 0.191342 -0.191342
0.92388 -0.270598 0.191342 0.191342
0.92388 -0.191342 -0.270598 -0.191342
0.92388 -0.191342 -0.270598 0.191342
0.92388 -0.191342 -0.191342 -0.270598
0.92388 -0.191342 -0.191342 0.270598
0.92388 -0.191342 0.191342 -0.270598
0.92388 -0.191342 0.191342 0.270598
0.92388 -0.191342 0.270598 -0.191342
0.92388 -0.191342 0.270598 0.191342
0.92388 0.191342 -0.270598 -0.191342
0.92388 0.191342 -0.270598 0.191342
0.92388 0.191342 -0.191342 -0.270598
0.92388 0.191342 -0.191342 0.270598
0.92388 0.191342 0.191342 -0.270598
0.92388 0.191342 0.191342 0.270598
0.92388 0.191342 0.270598 -0.191342
0.92388 0.191342 0.270598 0.191342
0.92388 0.270598 -0.191342 -0.191342
0.92388 0.270598 -0.191342 0.191342
0.92388 0.270598 0.191342 -0.191342
0.92388 0.270598 0.191342 0.191342
0.979922 -0.135299 -0.135299 -0.0560427
0.979922 -0.135299 -0.135299 0.0560427
0.979922 -0.135299 -0.0560427 -0.135299
0.979922 -0.135299 -0.0560427 0.135299
0.979922 -0.135299 0.0560427 -0.135299
0.979922 -0.135299 0.0560427 0.135299
0.979922 -0.135299 0.135299 -0.0560427
0.979922 -0.135299 0.135299 0.0560427
0.979922 -0.0560427 -0.135299 -0.135299
0.979922 -0.0560427 -0.135299 0.135299
0.979922 -0.0560427 0.135299 -0.135299
0.979922 -0.0560427 0.135299 0.135299
0.979922 0.0560427 -0.135299 -0.135299
0.979922 0.0560427 -0.135299 0.135299
0.979922 0.0560427 0.135299 -0.135299
0.979922 0.0560427 0.135299 0.135299
0.979922 0.135299 -0.135299 -0.0560427
0.979922 0.135299 -0.135299 0.0560427
0.979922 0.135299 -0.0560427 -0.135299
0.979922 0.135299 -0.0560427 0.135299
0.979922 0.135299 0.0560427 -0.135299
0.979922 0.135299 0.0560427 0.135299
0.979922 0.135299 0.135299 -0.0560427
0.979922 0.135299 0.135299 0.0560427
